8.04939830721849275e-10
3.86818950552363948e-09
1.64006288750527939e-09
4.23656020099666306e-09
2.62835588921253636e-09
3.89827125585098762e-09
3.64317013018960417e-09
4.11208445236076055e-09
4.29129011568393337e-09
4.62089942768876657e-09
4.91304026772241442e-09
5.25044107540284549e-09
5.59943535279048968e-09
5.97660471291927332e-09
6.37703511612714111e-09
6.80521736477457999e-09
7.26175213305004389e-09
7.74908514722319136e-09
8.26904916983500634e-09
8.82393453786529676e-09
9.41604120966777231e-09
1.00478855087468575e-08
1.07221259016773523e-08
1.14416107458948846e-08
1.22093745797925887e-08
1.30286576998549163e-08
1.39029169174580741e-08
1.48358414009381870e-08
1.58313677019096136e-08
1.68936965988546641e-08
1.80273107226453808e-08
1.92369935147648249e-08
2.05278493931011038e-08
2.19053252987275144e-08
2.33752336765594775e-08
2.49437770032325457e-08
2.66175739586497941e-08
2.84036873546686731e-08
3.03096539374690966e-08
3.23435161899206483e-08
3.45138562679010175e-08
3.68298322138687640e-08
3.93012166004536608e-08
4.19384377671456884e-08
4.47526238240782082e-08
4.77556496085887107e-08
5.09601867926952154e-08
5.43797573529241521e-08
5.80287906281126454e-08
6.19226842059483814e-08
6.60778688951659936e-08
7.05118780575588241e-08
7.52434215923620619e-08
8.02924648851939430e-08
8.56803130546912043e-08
9.14297008523282688e-08
9.75648885947651127e-08
1.04111764533522817e-07
1.11097954093949783e-07
1.18552936444426894e-07
1.26508168887691254e-07
1.34997219599164427e-07
1.44055909272392366e-07
1.53722462269289072e-07
1.64037667912982839e-07
1.75045052603861905e-07
1.86791063485086437e-07
1.99325264432568051e-07
2.12700545196423166e-07
2.26973344576400555e-07
2.42203888573001861e-07
2.58456444519206015e-07
2.75799592265139971e-07
2.94306513559996771e-07
3.14055300852286343e-07
3.35129286811442755e-07
3.57617395961250015e-07
3.81614519908849486e-07
4.07221917752658477e-07
4.34547643358775744e-07
4.63707001308822801e-07
4.94823033443154850e-07
5.28027038052475385e-07
5.63459123908652727e-07
6.01268801472545786e-07
6.41615613773519717e-07
6.84669809622730839e-07
7.30613062000894565e-07
7.79639234651869184e-07
8.31955200116797848e-07
8.87781712660613426e-07
9.47354339774333472e-07
1.01092445618374275e-06
1.07876030455881320e-06
1.15114812739966367e-06
1.22839337487519792e-06
1.31082199371105479e-06
1.39878180256549773e-06
1.49264395969681845e-06
1.59280452911526301e-06
1.69968615182805757e-06
1.81373982922955805e-06
1.93544682616175996e-06
2.06532070167536221e-06
2.20390947606042759e-06
2.35179794329067580e-06
2.50961013863903914e-06
2.67801197187686284e-06
2.85771403716781773e-06
3.04947461151317840e-06
3.25410285440070448e-06
3.47246222215836485e-06
3.70547411142008063e-06
3.95412174707740630e-06
4.21945433112267455e-06
4.50259146988994974e-06
4.80472789837481304e-06
5.12713852156749670e-06
5.47118379407150027e-06
5.83831546070713978e-06
6.23008268232259540e-06
6.64813857266031606e-06
7.09424717386095362e-06
7.57029090003767072e-06
8.07827848032850657e-06
8.62035343494175150e-06
9.19880311995793826e-06
9.81606837905154840e-06
1.04747538428558922e-05
1.11776389194267782e-05
1.19276895221758941e-05
1.27280705847556586e-05
1.35821594156966753e-05
1.44935599491408556e-05
1.54661179517926073e-05
1.65039372502431356e-05
1.76113970471257391e-05
1.87931703991511537e-05
2.00542439349706029e-05
2.13999388960410188e-05
2.28359335892433584e-05
2.43682873459549300e-05
2.60034660886243420e-05
2.77483696126701577e-05
2.96103606987493106e-05
3.15972961781489509e-05
3.37175600822777323e-05
3.59800990160031513e-05
3.83944599039371366e-05
4.09708302687504281e-05
4.37200812112386293e-05
4.66538132732122315e-05
4.97844053763855116e-05
5.31250670433434827e-05
5.66898941204238170e-05
6.04939282370164851e-05
6.45532202514150237e-05
6.88848979500111813e-05
7.35072382843729590e-05
7.84397444496520420e-05
8.37032281279010044e-05
8.93198972413170679e-05
9.53134495832447649e-05
1.01709172719043669e-04
1.08534050574742597e-04
1.15816877158842228e-04
1.23588377891780120e-04
1.31881339048523259e-04
1.40730745852588881e-04
1.50173929794602206e-04
1.60250725785358373e-04
1.71003639792347061e-04
1.82478027649886446e-04
1.94722285776459771e-04
2.07788054578592822e-04
2.21730435368678588e-04
2.36608221674538258e-04
2.52484145871169938e-04
2.69425142119988361e-04
2.87502626657766287e-04
3.06792796536233686e-04
3.27376947973576039e-04
3.49341815540487547e-04
3.72779933465426216e-04
3.97790020405567831e-04
4.24477389090733410e-04
4.52954382306082991e-04
4.83340836734115389e-04
5.15764576225601675e-04
5.50361936110128186e-04
5.87278320186985755e-04
6.26668792052555634e-04
6.68698702416572295e-04
7.13544354031138157e-04
7.61393705796255716e-04
8.12447117505559423e-04
8.66918136545610264e-04
9.25034327649053322e-04
9.87038146510903647e-04
1.05318785768971756e-03
1.12375849670898068e-03
1.19904287562155919e-03
1.27935263046870945e-03
1.36501930801542770e-03
1.45639548782833467e-03
1.55385593412389915e-03
1.65779876978553158e-03
1.76864666244683417e-03
1.88684800946881852e-03
2.01287810488745165e-03
2.14724026684075210e-03
2.29046689844553510e-03
2.44312044840155071e-03
2.60579422954664150e-03
2.77911304393355704e-03
2.96373355148099897e-03
3.16034430557491589e-03
3.36966536284481061e-03
3.59244735538421763e-03
3.82946989159678149e-03
4.08153912632842116e-03
4.34948431175433570e-03
4.63415310750697751e-03
4.93640539183069077e-03
5.25710527550112949e-03
5.59711097766098491e-03
5.95726217902626913e-03
6.33836442539117105e-03
6.74117011642614075e-03
7.16635558632566262e-03
7.61449377068434703e-03
8.08602196708749221e-03
8.58120424693974322e-03
9.10008817752032059e-03
9.64245568346645474e-03
1.02077681355043255e-02
1.07951061220533402e-02
1.14031048559925848e-02
1.20298868093302765e-02
1.26729939576706672e-02
1.33293229420707125e-02
1.39950674803484398e-02
1.46656734106318191e-02
1.53358127117665267e-02
1.59993835565607895e-02
1.66495437109827997e-02
1.72787841660002849e-02
1.78790485563482746e-02
1.84419015159274675e-02
1.89587455946473027e-02
1.94210818495867514e-02
1.98208040854413008e-02
2.01505115514534205e-02
2.04038204834904417e-02
2.05756520537085652e-02
2.06624737902477394e-02
2.06624737902477394e-02
2.05756520537085652e-02
2.04038204834904417e-02
2.01505115514534205e-02
1.98208040854413008e-02
1.94210818495867514e-02
1.89587455946473027e-02
1.84419015159274675e-02
1.78790485563482746e-02
1.72787841660002849e-02
1.66495437109827997e-02
1.59993835565607895e-02
1.53358127117665267e-02
1.46656734106318208e-02
1.39950674803484398e-02
1.33293229420707125e-02
1.26729939576706672e-02
1.20298868093302765e-02
1.14031048559925848e-02
1.07951061220533402e-02
1.02077681355043255e-02
9.64245568346645474e-03
9.10008817752032059e-03
8.58120424693974322e-03
8.08602196708749221e-03
7.61449377068434703e-03
7.16635558632566262e-03
6.74117011642614075e-03
6.33836442539117105e-03
5.95726217902626913e-03
5.59711097766098491e-03
5.25710527550112949e-03
4.93640539183069077e-03
4.63415310750697751e-03
4.34948431175433570e-03
4.08153912632842116e-03
3.82946989159678149e-03
3.59244735538421763e-03
3.36966536284481061e-03
3.16034430557491589e-03
2.96373355148099897e-03
2.77911304393355704e-03
2.60579422954664150e-03
2.44312044840155071e-03
2.29046689844553510e-03
2.14724026684075210e-03
2.01287810488745165e-03
1.88684800946881852e-03
1.76864666244683417e-03
1.65779876978553158e-03
1.55385593412389915e-03
1.45639548782833467e-03
1.36501930801542770e-03
1.27935263046870945e-03
1.19904287562155919e-03
1.12375849670898068e-03
1.05318785768971756e-03
9.87038146510903647e-04
9.25034327649053322e-04
8.66918136545610264e-04
8.12447117505559423e-04
7.61393705796255716e-04
7.13544354031138157e-04
6.68698702416572295e-04
6.26668792052555634e-04
5.87278320186985755e-04
5.50361936110128186e-04
5.15764576225601675e-04
4.83340836734115389e-04
4.52954382306082991e-04
4.24477389090733410e-04
3.97790020405567831e-04
3.72779933465426216e-04
3.49341815540487547e-04
3.27376947973576039e-04
3.06792796536233686e-04
2.87502626657766287e-04
2.69425142119988361e-04
2.52484145871169938e-04
2.36608221674538258e-04
2.21730435368678588e-04
2.07788054578592822e-04
1.94722285776459771e-04
1.82478027649886446e-04
1.71003639792347061e-04
1.60250725785358373e-04
1.50173929794602206e-04
1.40730745852588881e-04
1.31881339048523259e-04
1.23588377891780120e-04
1.15816877158842228e-04
1.08534050574742597e-04
1.01709172719043669e-04
9.53134495832447649e-05
8.93198972413170679e-05
8.37032281279010044e-05
7.84397444496520420e-05
7.35072382843729590e-05
6.88848979500111813e-05
6.45532202514150237e-05
6.04939282370164851e-05
5.66898941204238170e-05
5.31250670433434827e-05
4.97844053763855116e-05
4.66538132732122315e-05
4.37200812112386293e-05
4.09708302687504281e-05
3.83944599039371366e-05
3.59800990160031513e-05
3.37175600822777323e-05
3.15972961781489509e-05
2.96103606987493106e-05
2.77483696126701577e-05
2.60034660886243420e-05
2.43682873459549300e-05
2.28359335892433584e-05
2.13999388960410188e-05
2.00542439349706029e-05
1.87931703991511537e-05
1.76113970471257391e-05
1.65039372502431356e-05
1.54661179517926073e-05
1.44935599491408556e-05
1.35821594156966753e-05
1.27280705847556586e-05
1.19276895221758941e-05
1.11776389194267782e-05
1.04747538428558922e-05
9.81606837905154840e-06
9.19880311995793826e-06
8.62035343494175150e-06
8.07827848032850657e-06
7.57029090003767072e-06
7.09424717386095362e-06
6.64813857266031606e-06
6.23008268232259540e-06
5.83831546070713978e-06
5.47118379407150027e-06
5.12713852156749670e-06
4.80472789837481304e-06
4.50259146988994974e-06
4.21945433112267455e-06
3.95412174707740630e-06
3.70547411142008063e-06
3.47246222215836485e-06
3.25410285440070448e-06
3.04947461151317840e-06
2.85771403716781773e-06
2.67801197187686284e-06
2.50961013863903914e-06
2.35179794329067580e-06
2.20390947606042759e-06
2.06532070167536221e-06
1.93544682616175996e-06
1.81373982922955805e-06
1.69968615182805757e-06
1.59280452911526301e-06
1.49264395969681845e-06
1.39878180256549773e-06
1.31082199371105479e-06
1.22839337487519792e-06
1.15114812739966367e-06
1.07876030455881320e-06
1.01092445618374275e-06
9.47354339774333472e-07
8.87781712660613426e-07
8.31955200116797848e-07
7.79639234651869184e-07
7.30613062000894565e-07
6.84669809622730839e-07
6.41615613773519717e-07
6.01268801472545786e-07
5.63459123908652727e-07
5.28027038052475385e-07
4.94823033443154850e-07
4.63707001308822801e-07
4.34547643358775744e-07
4.07221917752658477e-07
3.81614519908849486e-07
3.57617395961250015e-07
3.35129286811442755e-07
3.14055300852286343e-07
2.94306513559996771e-07
2.75799592265139971e-07
2.58456444519206015e-07
2.42203888573001861e-07
2.26973344576400555e-07
2.12700545196423166e-07
1.99325264432568051e-07
1.86791063485086437e-07
1.75045052603861905e-07
1.64037667912982839e-07
1.53722462269289072e-07
1.44055909272392366e-07
1.34997219599164427e-07
1.26508168887691254e-07
1.18552936444426894e-07
1.11097954093949783e-07
1.04111764533522817e-07
9.75648885947651127e-08
9.14297008523282688e-08
8.56803130546912043e-08
8.02924648851939430e-08
7.52434215923620619e-08
7.05118780575588241e-08
6.60778688951659936e-08
6.19226842059483814e-08
5.80287906281126454e-08
5.43797573529241521e-08
5.09601867926952154e-08
4.77556496085887107e-08
4.47526238240782082e-08
4.19384377671456884e-08
3.93012166004536608e-08
3.68298322138687640e-08
3.45138562679010175e-08
3.23435161899206483e-08
3.03096539374690966e-08
2.84036873546686731e-08
2.66175739586497941e-08
2.49437770032325457e-08
2.33752336765594775e-08
2.19053252987275144e-08
2.05278493931011038e-08
1.92369935147648249e-08
1.80273107226453808e-08
1.68936965988546641e-08
1.58313677019096136e-08
1.48358414009381870e-08
1.39029169174580741e-08
1.30286576998549163e-08
1.22093745797925887e-08
1.14416107458948846e-08
1.07221259016773523e-08
1.00478855087468575e-08
9.41604120966777231e-09
8.82393453786529676e-09
8.26904916983500634e-09
7.74908514722319136e-09
7.26175213305004389e-09
6.80521736477457999e-09
6.37703511612714111e-09
5.97660471291927332e-09
5.59943535279048968e-09
5.25044107540284549e-09
4.91304026772241442e-09
4.62089942768876657e-09
4.29129011568393337e-09
4.11208445236076055e-09
3.64317013018960417e-09
3.89827125585098762e-09
2.62835588921253636e-09
4.23656020099666306e-09
1.64006288750527918e-09
3.86818950552363948e-09
8.04939830721849482e-10
