0.00000000000000000e+00	0.00000000000000000e+00	0.00000000000000000e+00	0.00000000000000000e+00	0.00000000000000000e+00	0.00000000000000000e+00	0.00000000000000000e+00	0.00000000000000000e+00	0.00000000000000000e+00	0.00000000000000000e+00	0.00000000000000000e+00	0.00000000000000000e+00	0.00000000000000000e+00	0.00000000000000000e+00	0.00000000000000000e+00	0.00000000000000000e+00	0.00000000000000000e+00	0.00000000000000000e+00	0.00000000000000000e+00	0.00000000000000000e+00	0.00000000000000000e+00	0.00000000000000000e+00	0.00000000000000000e+00	0.00000000000000000e+00	0.00000000000000000e+00	0.00000000000000000e+00	0.00000000000000000e+00	0.00000000000000000e+00	0.00000000000000000e+00	0.00000000000000000e+00	0.00000000000000000e+00	0.00000000000000000e+00	0.00000000000000000e+00	0.00000000000000000e+00	0.00000000000000000e+00	0.00000000000000000e+00	0.00000000000000000e+00	0.00000000000000000e+00	0.00000000000000000e+00	0.00000000000000000e+00	0.00000000000000000e+00	0.00000000000000000e+00	0.00000000000000000e+00	0.00000000000000000e+00	0.00000000000000000e+00	0.00000000000000000e+00	0.00000000000000000e+00	0.00000000000000000e+00	0.00000000000000000e+00	0.00000000000000000e+00	0.00000000000000000e+00	0.00000000000000000e+00	0.00000000000000000e+00	0.00000000000000000e+00	0.00000000000000000e+00	0.00000000000000000e+00	0.00000000000000000e+00	0.00000000000000000e+00	0.00000000000000000e+00	0.00000000000000000e+00	0.00000000000000000e+00	0.00000000000000000e+00	0.00000000000000000e+00	0.00000000000000000e+00	0.00000000000000000e+00	0.00000000000000000e+00	0.00000000000000000e+00	0.00000000000000000e+00	0.00000000000000000e+00	0.00000000000000000e+00	0.00000000000000000e+00	0.00000000000000000e+00	0.00000000000000000e+00	0.00000000000000000e+00	0.00000000000000000e+00	0.00000000000000000e+00	0.00000000000000000e+00	0.00000000000000000e+00	0.00000000000000000e+00	0.00000000000000000e+00	0.00000000000000000e+00	0.00000000000000000e+00	0.00000000000000000e+00	0.00000000000000000e+00	0.00000000000000000e+00	0.00000000000000000e+00	0.00000000000000000e+00	0.00000000000000000e+00	0.00000000000000000e+00	0.00000000000000000e+00	0.00000000000000000e+00	0.00000000000000000e+00	0.00000000000000000e+00	0.00000000000000000e+00	0.00000000000000000e+00	0.00000000000000000e+00	0.00000000000000000e+00	0.00000000000000000e+00	0.00000000000000000e+00	0.00000000000000000e+00	0.00000000000000000e+00	0.00000000000000000e+00	0.00000000000000000e+00	0.00000000000000000e+00	0.00000000000000000e+00	0.00000000000000000e+00	0.00000000000000000e+00	0.00000000000000000e+00	0.00000000000000000e+00	0.00000000000000000e+00	0.00000000000000000e+00	0.00000000000000000e+00	0.00000000000000000e+00	0.00000000000000000e+00	0.00000000000000000e+00	0.00000000000000000e+00	0.00000000000000000e+00	0.00000000000000000e+00	0.00000000000000000e+00	0.00000000000000000e+00	0.00000000000000000e+00	0.00000000000000000e+00	0.00000000000000000e+00	0.00000000000000000e+00	0.00000000000000000e+00	0.00000000000000000e+00	0.00000000000000000e+00	0.00000000000000000e+00
0.00000000000000000e+00	1.67298325820630937e-16	3.84226825022137477e-16	6.65508622284538894e-16	1.03023455623234927e-15	1.50315889114764929e-15	2.11637941027607395e-15	2.91151592011009209e-15	3.94253502261763692e-15	5.27941287514800479e-15	7.01288453269465367e-15	9.26060221447793683e-15	1.21751204617217292e-14	1.59542501461816309e-14	2.08544840649294529e-14	2.72084053281112437e-14	3.54472600619950901e-14	4.61302264561626214e-14	5.99823666703540359e-14	7.79438374296479875e-14	1.01233699273528979e-13	1.31432655247573875e-13	1.70590334583953505e-13	2.21364402806190528e-13	2.87200939779757192e-13	3.72568328119556205e-13	4.83260526155817689e-13	6.26790308841880606e-13	8.12899166171846803e-13	1.05421846628408316e-12	1.36712675680861912e-12	1.77286138990793611e-12	2.29895991723565685e-12	2.98112908194836921e-12	3.86566825441558420e-12	5.01261178476521511e-12	6.49980353001297282e-12	8.42818006162490839e-12	1.09286210512679940e-11	1.41708316060684447e-11	1.83748590339234782e-11	2.38260248823923857e-11	3.08942839372790411e-11	4.00593202467836455e-11	5.19430750759390671e-11	6.73518962160597791e-11	8.73311295259355836e-11	1.13235771073538955e-10	1.46821785979065252e-10	1.90363880003415847e-10	2.46806820954720367e-10	3.19958632576700472e-10	4.14734549455331656e-10	5.37459163833633067e-10	6.96227670683687906e-10	9.01309066710923825e-10	1.16553165928448069e-09	1.50450076584980153e-09	1.93632476206989242e-09	2.48024099479727715e-09	3.15320550543520450e-09	3.96352791630187466e-09	4.90193731892351529e-09	5.93389562670721119e-09	7.00048977889405136e-09	8.03244808667774726e-09	8.97085748929938790e-09	9.78117990016605806e-09	1.04541444108039854e-08	1.09980606435313701e-08	1.14298846397514610e-08	1.17688537463167819e-08	1.20330763388903387e-08	1.22381577349175746e-08	1.23969262417676295e-08	1.25196508561459309e-08	1.26144267730245621e-08	1.26875785846465422e-08	1.27440215255978467e-08	1.27875636196221973e-08	1.28211496345277236e-08	1.28470542760753270e-08	1.28670335093852028e-08	1.28824423305253235e-08	1.28943260853544789e-08	1.29034911216639835e-08	1.29105593807188702e-08	1.29160105465673391e-08	1.29202145739951941e-08	1.29234567845499946e-08	1.29259572255396376e-08	1.29278856020712496e-08	1.29293727938164973e-08	1.29305197373468470e-08	1.29314042765193142e-08	1.29320864456840269e-08	1.29326125442113546e-08	1.29330182788444539e-08	1.29333311871349785e-08	1.29335725064350907e-08	1.29337586152924207e-08	1.29339021450751067e-08	1.29340128372731430e-08	1.29340982046614828e-08	1.29341640411984564e-08	1.29342148152666786e-08	1.29342539729460150e-08	1.29342841719019890e-08	1.29343074617638329e-08	1.29343254232345922e-08	1.29343392753748064e-08	1.29343499583412006e-08	1.29343581971959344e-08	1.29343645511171976e-08	1.29343694513511164e-08	1.29343732304808008e-08	1.29343761449990481e-08	1.29343783927167299e-08	1.29343801261883874e-08	1.29343814630662399e-08	1.29343824940853424e-08	1.29343832892218523e-08	1.29343839024423714e-08	1.29343843753667063e-08	1.29343847400926403e-08	1.29343850213744375e-08	1.29343852383029367e-08	1.29343854056012626e-08
0.00000000000000000e+00	3.84226825022137477e-16	8.82437121486046246e-16	1.52844485269626086e-15	2.36609512155937878e-15	3.45223997560312163e-15	4.86059700456560633e-15	6.68675261690726363e-15	9.05464957194538581e-15	1.21249990820228643e-14	1.61061884213538094e-14	2.12684243503831019e-14	2.79620722820916402e-14	3.66414358853099389e-14	4.78955910672626245e-14	6.24883670643785862e-14	8.14101881925397070e-14	1.05945294801137943e-13	1.37758905775145036e-13	1.79010238379457459e-13	2.32499056199863247e-13	3.01855691515694299e-13	3.91787439086097828e-13	5.08398044307598194e-13	6.59601969676985271e-13	8.55661556175177958e-13	1.10988353716376232e-12	1.43952217776026350e-12	1.86695033646794990e-12	2.42117792986359574e-12	3.13982085950205097e-12	4.07165403304148292e-12	5.27992175366815684e-12	6.84663015316874734e-12	8.87811299185042112e-12	1.15122485636456983e-11	1.49278174862440323e-11	1.93566364152681555e-11	2.50992910287747407e-11	3.25455357022562074e-11	4.22007435651404316e-11	5.47202002683229709e-11	7.09535649584444798e-11	9.20025072305213165e-11	1.19295412673241552e-10	1.54684185363951109e-10	2.00569625898846478e-10	2.60063695109339287e-10	3.37199242097013776e-10	4.37200485144291745e-10	5.66830545040308529e-10	7.34835145123788981e-10	9.52502891959948775e-10	1.23435920285451933e-09	1.59899596177765768e-09	2.06999752906850771e-09	2.67682612311254991e-09	3.45532180116148533e-09	4.44707328595462398e-09	5.69626215950564143e-09	7.24183062832710743e-09	9.10286304239559194e-09	1.12580673074209972e-08	1.36281212945724381e-08	1.60777219266870157e-08	1.84477759138384567e-08	2.06029801788638619e-08	2.24640125929323464e-08	2.40095810617538124e-08	2.52587699353048299e-08	2.62505214200979685e-08	2.70290170981469039e-08	2.76358456921909461e-08	2.81068472594817962e-08	2.84714840184049345e-08	2.87533403292995051e-08	2.89710080761356649e-08	2.91390126762191453e-08	2.92686427361151621e-08	2.93686439791624401e-08	2.94457795261501146e-08	2.95052735953606074e-08	2.95511590358955027e-08	2.95865478085862123e-08	2.96138407140289325e-08	2.96348896563010094e-08	2.96511230209911309e-08	2.96636424776943134e-08	2.96732976855571976e-08	2.96807439302306791e-08	2.96864865848441857e-08	2.96909154037732098e-08	2.96943309726958082e-08	2.96969651082676034e-08	2.96989965911062851e-08	2.97005632995057857e-08	2.97017715672264124e-08	2.97027034003999518e-08	2.97034220433295903e-08	2.97039762709229859e-08	2.97044036990816936e-08	2.97047333377222901e-08	2.97049875597032787e-08	2.97051836192897769e-08	2.97053348232151463e-08	2.97054514338203678e-08	2.97055413655679382e-08	2.97056107222032540e-08	2.97056642110210744e-08	2.97057054623536787e-08	2.97057372759646527e-08	2.97057618110712613e-08	2.97057807328923895e-08	2.97057953256683866e-08	2.97058065798235685e-08	2.97058152591871718e-08	2.97058219528351035e-08	2.97058271150710325e-08	2.97058310962603718e-08	2.97058341666098819e-08	2.97058365345068369e-08	2.97058383606624493e-08	2.97058397690194783e-08	2.97058408551643323e-08	2.97058416928146012e-08	2.97058423388223324e-08	2.97058428370326288e-08	2.97058432212594539e-08
0.00000000000000000e+00	6.65508622284538894e-16	1.52844485269626086e-15	2.64737691882178532e-15	4.09824770681335404e-15	5.97952907069117819e-15	8.41890520216135340e-15	1.15819386670337065e-14	1.56833072796192059e-14	2.10013744714815728e-14	2.78970820580598325e-14	3.68384476715567347e-14	4.84323295220299371e-14	6.34656143884667932e-14	8.29586243043835434e-14	1.08234366695842002e-13	1.41008328038576087e-13	1.83504905407300227e-13	2.38608378227002225e-13	3.10058666809314278e-13	4.02705163974721687e-13	5.22835867531586900e-13	6.78604152116537116e-13	8.80582145767177419e-13	1.14247826936759838e-12	1.48206763897647705e-12	1.92239847822074691e-12	2.49335642094764059e-12	3.23369287457963370e-12	4.19365511066650954e-12	5.43839658854395271e-12	7.05239897238461001e-12	9.14520596486570092e-12	1.18588581113892539e-11	1.53775331676866123e-11	1.99400463008994443e-11	2.58560584582113097e-11	3.35270928364921961e-11	4.34737855482010259e-11	5.63712193324161713e-11	7.30947369637754879e-11	9.47793405356523466e-11	1.22896701080020374e-10	1.59354989933823210e-10	2.06628274141089128e-10	2.67924185368468672e-10	3.47401083712403753e-10	4.50449110179829213e-10	5.84053450798092658e-10	7.57262829095146402e-10	9.81791458930114040e-10	1.27278756502598614e-09	1.64980382958368931e-09	2.13799932487437054e-09	2.76957653724431848e-09	3.58538528282977363e-09	4.63645625259313205e-09	5.98486701522784540e-09	7.70265224340732012e-09	9.86633762940871176e-09	1.25433738885833160e-08	1.57668164939824257e-08	1.94997859998886860e-08	2.36048907479454023e-08	2.78477760325217236e-08	3.19528807805784399e-08	3.56858502864847003e-08	3.89092928918838099e-08	4.15863291510584142e-08	4.37500145370598058e-08	4.54677997652392805e-08	4.68162105278739939e-08	4.78672814976373523e-08	4.86830902432228074e-08	4.93146674555927554e-08	4.98028629508834366e-08	5.01798792154411398e-08	5.04708753215370119e-08	5.06954039513719795e-08	5.08686133296690333e-08	5.10022176702872967e-08	5.11052656967547222e-08	5.11847425950986572e-08	5.12460385063260368e-08	5.12933117905333027e-08	5.13297700793871055e-08	5.13578874399314736e-08	5.13795720435033504e-08	5.13962955611347097e-08	5.14091929949189249e-08	5.14191396876306337e-08	5.14268107220089146e-08	5.14327267341662265e-08	5.14372892472994393e-08	5.14408079223557367e-08	5.14435215745022602e-08	5.14456143814947413e-08	5.14472283838785820e-08	5.14484731253564594e-08	5.14494330875925463e-08	5.14501734240461783e-08	5.14507443819889052e-08	5.14511847128281494e-08	5.14515243021977583e-08	5.14517861983213587e-08	5.14519881763150094e-08	5.14521439445995943e-08	5.14522640753031512e-08	5.14523567218003166e-08	5.14524281720888989e-08	5.14524832755617186e-08	5.14525257721390873e-08	5.14525585461004301e-08	5.14525838218428215e-08	5.14526033148527374e-08	5.14526183481376039e-08	5.14526299420194544e-08	5.14526388833850679e-08	5.14526457790926544e-08	5.14526510971598463e-08	5.14526551985284589e-08	5.14526583615619238e-08	5.14526608009380552e-08	5.14526626822194191e-08	5.14526641330902071e-08	5.14526652520222732e-08	5.14526661149585036e-08	5.14526667804671259e-08
0.00000000000000000e+00	1.03023455623234927e-15	2.36609512155937878e-15	4.09824770681335404e-15	6.34425500463901055e-15	9.25655547102454778e-15	1.30328094550254789e-14	1.79293145774453544e-14	2.42784008718160771e-14	3.25109863109265123e-14	4.31858235819740557e-14	5.70274231142393116e-14	7.49752262279391669e-14	9.82473658283578036e-14	1.28423342138655761e-13	1.67551224744771688e-13	2.18286656847816051e-13	2.84073096062637238e-13	3.69375524861215821e-13	4.79983492790441660e-13	6.23404058201052339e-13	8.09371298781553821e-13	1.05050697181546081e-12	1.36317716374033844e-12	1.76860307054563410e-12	2.29430129861553996e-12	2.97595144043786830e-12	3.85981767906502477e-12	5.00588877751592634e-12	6.49194956648033159e-12	8.41886026477145789e-12	1.09174019425126384e-11	1.41571527300792631e-11	1.83579971989993832e-11	2.38050500451463521e-11	3.08680069110757337e-11	4.00262356033367643e-11	5.19013104467283254e-11	6.72991974292437695e-11	8.72649522313445387e-11	1.13153641256054117e-10	1.46722294147819934e-10	1.90249117832557840e-10	2.46688039554340285e-10	3.19869016248126071e-10	4.14757592876059448e-10	5.37791080879584788e-10	6.97313638910241044e-10	9.04138620523661109e-10	1.17227381969295358e-09	1.51985331840091385e-09	1.97032718784515538e-09	2.55396377947283829e-09	3.30971036577384588e-09	4.28741771219229960e-09	5.55032300422825346e-09	7.17742383785184111e-09	9.26481882740608988e-09	1.19240205912854459e-08	1.52734940298437034e-08	1.94176556081282318e-08	2.44076765498763680e-08	3.01864659653227961e-08	3.65413359501527048e-08	4.31094958385926690e-08	4.94643658234225777e-08	5.52431552388690057e-08	6.02331761806171420e-08	6.43773377589016703e-08	6.77268111974599278e-08	7.03860129613392839e-08	7.24734079508935326e-08	7.41005087845171203e-08	7.53634140765530741e-08	7.63411214229715279e-08	7.70968680092725355e-08	7.76805046009002184e-08	7.81309784703444599e-08	7.84785579690524202e-08	7.87466931682217126e-08	7.89535181498351327e-08	7.91130407078657890e-08	7.92360741958693143e-08	7.93309627724972477e-08	7.94041437491910335e-08	7.94605826709128159e-08	7.95041094945975538e-08	7.95376781474893196e-08	7.95635668365140292e-08	7.95835325913161300e-08	7.95989304782986454e-08	7.96108055531420370e-08	7.96199637818342980e-08	7.96270267387002274e-08	7.96324737915463744e-08	7.96366746360152945e-08	7.96399143868028611e-08	7.96424129284806023e-08	7.96443398391788934e-08	7.96458258999678578e-08	7.96469719710663087e-08	7.96478558373049359e-08	7.96485374874467582e-08	7.96490631856748281e-08	7.96494686115816334e-08	7.96497812817735583e-08	7.96500224174465922e-08	7.96502083846871727e-08	7.96503518052525833e-08	7.96504624132205125e-08	7.96505477156493111e-08	7.96506135020885259e-08	7.96506642375206290e-08	7.96507033654032351e-08	7.96507335413795454e-08	7.96507568135191458e-08	7.96507747613222595e-08	7.96507886029217918e-08	7.96507992777590628e-08	7.96508075103445019e-08	7.96508138594307963e-08	7.96508187559359187e-08	7.96508225321899027e-08	7.96508254444903691e-08	7.96508276904976669e-08	7.96508294226502522e-08	7.96508307585108175e-08	7.96508317887453737e-08
0.00000000000000000e+00	1.50315889114764929e-15	3.45223997560312163e-15	5.97952907069117819e-15	9.25655547102454778e-15	1.35057337899408592e-14	1.90154594314893765e-14	2.61596822356946452e-14	3.54232867773138465e-14	4.74350019008945120e-14	6.30100730907125398e-14	8.32055938862091808e-14	1.09392251733901247e-13	1.43347357728723975e-13	1.87375474253729481e-13	2.44464827620265113e-13	3.18490121569645403e-13	4.14475516763864371e-13	5.38935624910493529e-13	7.00317661087401643e-13	9.09574763527053957e-13	1.18090939256829758e-12	1.53273726390213663e-12	1.98893723908790784e-12	2.58047200447635959e-12	3.34748953539057965e-12	4.34204797369363733e-12	5.63164885840517896e-12	7.30381851249247422e-12	9.47204852788515301e-12	1.22834985331891817e-11	1.59289840346021185e-11	2.06559272068859545e-11	2.67851496015205052e-11	3.47326464765819643e-11	4.50378205231994472e-11	5.84000910883414723e-11	7.57263632716073357e-11	9.81925779628516178e-11	1.27323518744926388e-10	1.65096288889584875e-10	2.14074474248305255e-10	2.77582081937572012e-10	3.59929025630800473e-10	4.66703386007937797e-10	6.05150118127118518e-10	7.84661551016482222e-10	1.01741219017124025e-09	1.31917920831574337e-09	1.71040061146392875e-09	2.21753484677265108e-09	2.87479663049802899e-09	3.72634885867470038e-09	4.82901736632728157e-09	6.25553667867096769e-09	8.09817271423909270e-09	1.04721865444483052e-08	1.35177904012634903e-08	1.73976862468744727e-08	2.22847197378149917e-08	2.83312392270583320e-08	3.56119058482913511e-08	4.40434214069086343e-08	5.33154646149313053e-08	6.28987074551775074e-08	7.21707506632001783e-08	8.06022662218174616e-08	8.78829328430504806e-08	9.39294523322938210e-08	9.88164858232343400e-08	1.02696381668845322e-07	1.05741985525660507e-07	1.08115999355869720e-07	1.09958635391437845e-07	1.11385154703781531e-07	1.12487823211434112e-07	1.13339375439610784e-07	1.13996637223336162e-07	1.14503771458644884e-07	1.14894992861793069e-07	1.15196759879937572e-07	1.15429510519092330e-07	1.15609021951981694e-07	1.15747468684100875e-07	1.15854243044478012e-07	1.15936589988171241e-07	1.16000097595860507e-07	1.16049075781219228e-07	1.16086848551363886e-07	1.16115979492145961e-07	1.16138445706837205e-07	1.16155771979020471e-07	1.16169134249585613e-07	1.16179439423632231e-07	1.16187386920507292e-07	1.16193516142901927e-07	1.16198243086074211e-07	1.16201888571575624e-07	1.16204700021580928e-07	1.16206868251596320e-07	1.16208540421250408e-07	1.16209830022135119e-07	1.16210824580573422e-07	1.16211591598104336e-07	1.16212183132869725e-07	1.16212639332844911e-07	1.16212991160716244e-07	1.16213262495345286e-07	1.16213471752447725e-07	1.16213633134483902e-07	1.16213757594592049e-07	1.16213853579987243e-07	1.16213927605281192e-07	1.16213984694634559e-07	1.16214028722751084e-07	1.16214062677857079e-07	1.16214088864514926e-07	1.16214109060035722e-07	1.16214124635106912e-07	1.16214136646822035e-07	1.16214145910426577e-07	1.16214153054649381e-07	1.16214158564375023e-07	1.16214162813553342e-07	1.16214166090579742e-07	1.16214168617868837e-07	1.16214170566949922e-07	1.16214172070108813e-07
0.00000000000000000e+00	2.11637941027607395e-15	4.86059700456560633e-15	8.41890520216135340e-15	1.30328094550254789e-14	1.90154594314893765e-14	2.67729027548233388e-14	3.68316438062772664e-14	4.98743780323671782e-14	6.67863270747194881e-14	8.87153195277715766e-14	1.17149695057266451e-13	1.54019319299375986e-13	2.01826565508935747e-13	2.63816152794425648e-13	3.44195368007438777e-13	4.48419617936526177e-13	5.83562692479470993e-13	7.58796868875255757e-13	9.86015442084419021e-13	1.28063993299182121e-12	1.66266676034827696e-12	2.15802441497632486e-12	2.80033324881788685e-12	3.63318731720900876e-12	4.71311314494919612e-12	6.11340623008929925e-12	7.92910567207811624e-12	1.02834445561709756e-11	1.33362138863754038e-11	1.72946077323534276e-11	2.24272856555500731e-11	2.90826068343567954e-11	3.77122734340758347e-11	4.89019878738924023e-11	6.34112046306925558e-11	8.22246743611036604e-11	1.06619278232625521e-10	1.38250687579570525e-10	1.79265728395437803e-10	2.32448072240812221e-10	3.01407131496843405e-10	3.90822957129778743e-10	5.06763711735203452e-10	6.57097158969807381e-10	8.52023866320973552e-10	1.10476780624215060e-09	1.43247012922121953e-09	1.85734437748769932e-09	2.40816633473932713e-09	3.12218829221451773e-09	4.04758301557319551e-09	5.24652985552559073e-09	6.79903700543443009e-09	8.80751137150782422e-09	1.14018591741753851e-08	1.47443627641514220e-08	1.90324345923397615e-08	2.44951516277939954e-08	3.13758727002412760e-08	3.98890973674601967e-08	5.01399451128355739e-08	6.20111358637055796e-08	7.50657513486109557e-08	8.85585217737572268e-08	1.01613137258662603e-07	1.13484328009532609e-07	1.23735175754907986e-07	1.32248400422126906e-07	1.39129121494574187e-07	1.44591838530028421e-07	1.48879910358216760e-07	1.52222413948192797e-07	1.54816761750860358e-07	1.56825236116933752e-07	1.58377743266842592e-07	1.59576690106794987e-07	1.60502084830153665e-07	1.61216106787628855e-07	1.61766928744880483e-07	1.62191802993146963e-07	1.62519505316126032e-07	1.62772249256047209e-07	1.62967175963398375e-07	1.63117509410632979e-07	1.63233450165238404e-07	1.63322865990871339e-07	1.63391825050127370e-07	1.63445007393972745e-07	1.63486022434788612e-07	1.63517653844135557e-07	1.63542048448007079e-07	1.63560861917737490e-07	1.63575371134494290e-07	1.63586560848934107e-07	1.63595190515533826e-07	1.63601845836712632e-07	1.63606978514635829e-07	1.63610936908481807e-07	1.63613989677812012e-07	1.63616344016696104e-07	1.63618159716138093e-07	1.63619560009223233e-07	1.63620639935050973e-07	1.63621472789119365e-07	1.63622115097953206e-07	1.63622610455607834e-07	1.63622992482435191e-07	1.63623287106926098e-07	1.63623514325499307e-07	1.63623689559675703e-07	1.63623824702750246e-07	1.63623928927000175e-07	1.63624009306215388e-07	1.63624071295802674e-07	1.63624119103048883e-07	1.63624155972673125e-07	1.63624184407048655e-07	1.63624206336041108e-07	1.63624223247990150e-07	1.63624236290724376e-07	1.63624246349465428e-07	1.63624254106908751e-07	1.63624260089558727e-07	1.63624264703462980e-07	1.63624268261771178e-07	1.63624271005988772e-07	1.63624273122368182e-07
0.00000000000000000e+00	2.91151592011009209e-15	6.68675261690726363e-15	1.15819386670337065e-14	1.79293145774453544e-14	2.61596822356946452e-14	3.68316438062772664e-14	5.06695145422020511e-14	6.86124826870641170e-14	9.18783529926518451e-14	1.22046200179705446e-13	1.61163542103625353e-13	2.11885306560488946e-13	2.77654023530570918e-13	3.62933472662621660e-13	4.73511643855524769e-13	6.16893573133738211e-13	8.02810715926713059e-13	1.04388142935666186e-12	1.35646739103773986e-12	1.76178408026943824e-12	2.28734069093991252e-12	2.96880720426694538e-12	3.85243534120535423e-12	4.99819770662776955e-12	6.48385818165264813e-12	8.41024982504595649e-12	1.09081184991679821e-11	1.41469967027110883e-11	1.83467098837019125e-11	2.37922961735096781e-11	3.08533521512916884e-11	4.00091176399636693e-11	5.18810020328697553e-11	6.72747596808719640e-11	8.72351766886339201e-11	1.13116980474211272e-10	1.46676784161514295e-10	1.90192304791690928e-10	2.46616943833036273e-10	3.19780215041754997e-10	4.14647608801534383e-10	5.37657499455365428e-10	6.97157894887410203e-10	9.03972525016269615e-10	1.17213437206123247e-09	1.51983573468971520e-09	1.97065779701839672e-09	2.55515986307813873e-09	3.31292895206918815e-09	4.29521326574336319e-09	5.56828436838332088e-09	7.21768276780912580e-09	9.35347621821634471e-09	1.21165465181645474e-08	1.56856064386557955e-08	2.02839087884083363e-08	2.61830350668658189e-08	3.36981278420818125e-08	4.31639773239825882e-08	5.48756718480039379e-08	6.89778249214889125e-08	8.53090936410768913e-08	1.03268406905355735e-07	1.21830492563748847e-07	1.39789805828027691e-07	1.56121074547615670e-07	1.70223227621100644e-07	1.81934922145121994e-07	1.91400771627022770e-07	1.98915864402238763e-07	2.04814990680696246e-07	2.09413293030448787e-07	2.12982352950940035e-07	2.15745423250888237e-07	2.17881216701295456e-07	2.19530615100721261e-07	2.20803686203361219e-07	2.21785970517035394e-07	2.22543739606026443e-07	2.23128241672086185e-07	2.23579063734414867e-07	2.23926765097043350e-07	2.24194926944088312e-07	2.24401741574217172e-07	2.24561241969649217e-07	2.24684251860303048e-07	2.24779119254062827e-07	2.24852282525271546e-07	2.24908707164312891e-07	2.24952222684943068e-07	2.24985782488630371e-07	2.25011664292415948e-07	2.25031624709423710e-07	2.25047018467071712e-07	2.25058890351464618e-07	2.25068046116953290e-07	2.25075107172931072e-07	2.25080552759220880e-07	2.25084752472401871e-07	2.25087991350605414e-07	2.25090489219279536e-07	2.25092415610922929e-07	2.25093901271397954e-07	2.25095047033763377e-07	2.25095930661900315e-07	2.25096612128413642e-07	2.25097137685024313e-07	2.25097543001713544e-07	2.25097855587675225e-07	2.25098096658388655e-07	2.25098282575531448e-07	2.25098425957460727e-07	2.25098536535631919e-07	2.25098621815081052e-07	2.25098687583798022e-07	2.25098738305562478e-07	2.25098777422904402e-07	2.25098807590751589e-07	2.25098830856621895e-07	2.25098848799590040e-07	2.25098862637460776e-07	2.25098873309422346e-07	2.25098881539790005e-07	2.25098887887165915e-07	2.25098892782351965e-07	2.25098896557588662e-07	2.25098899469104582e-07
0.00000000000000000e+00	3.94253502261763692e-15	9.05464957194538581e-15	1.56833072796192059e-14	2.42784008718160771e-14	3.54232867773138465e-14	4.98743780323671782e-14	6.86124826870641170e-14	9.29093720951620155e-14	1.24414097134752697e-13	1.65264910716235168e-13	2.18234392854918403e-13	2.86917628072325588e-13	3.75976206889016530e-13	4.91454612001064151e-13	6.41190462543328901e-13	8.35346460072089317e-13	1.08710013990035948e-12	1.41353824180469487e-12	1.83681640181546515e-12	2.38566287437295542e-12	3.09732834376809381e-12	4.02011416024797218e-12	5.21665059433977715e-12	6.76814760731310543e-12	8.77990664117161174e-12	1.13884675179635483e-11	1.47708755142946110e-11	1.91566975746386077e-11	2.48436032125714285e-11	3.22175675855506212e-11	4.17790679355183291e-11	5.41770513532419209e-11	7.02529792505312938e-11	9.10979377952339943e-11	1.18126690265932694e-10	1.53173696936360945e-10	1.98617618597748138e-10	2.57542752040063125e-10	3.33948350244949745e-10	4.33020025284507547e-10	5.61481635203592408e-10	7.28051496175795781e-10	9.44033792809921944e-10	1.22408512855597877e-09	1.58720781196710811e-09	2.05803635530642595e-09	2.66850245560249805e-09	3.45998700504839779e-09	4.48609548406070101e-09	5.81622398587632118e-09	7.54011200372054410e-09	9.77359144687599199e-09	1.26657070012327844e-08	1.64072291932489958e-08	2.12401561359344396e-08	2.74667983923844274e-08	3.54549092575942044e-08	4.56312288373234798e-08	5.84491024554796447e-08	7.43081144279806964e-08	9.34040884539194406e-08	1.15518547264201636e-07	1.39837569886582999e-07	1.64972817231641723e-07	1.89291839854023086e-07	2.11406298664305281e-07	2.30502272690244025e-07	2.46361284662745077e-07	2.59179158280901242e-07	2.69355477860630518e-07	2.77343588725840295e-07	2.83570230982290282e-07	2.88403157924975726e-07	2.92144680116991938e-07	2.95036795671348730e-07	2.97270275114504178e-07	2.98994163132348401e-07	3.00324291634164021e-07	3.01350400113176324e-07	3.02141884662622224e-07	3.02752350762918296e-07	3.03223179306257614e-07	3.03586301989668743e-07	3.03866353325414800e-07	3.04082335622048926e-07	3.04248905483021129e-07	3.04377367092940214e-07	3.04476438767979772e-07	3.04552844366184659e-07	3.04611769499626974e-07	3.04657213421288361e-07	3.04692260427958789e-07	3.04719289180429488e-07	3.04740134138974191e-07	3.04756210066871480e-07	3.04768608050289204e-07	3.04778169550639171e-07	3.04785543515012150e-07	3.04791230420650083e-07	3.04795616242710427e-07	3.04798998650706758e-07	3.04801607211583550e-07	3.04803618970617409e-07	3.04805170467630382e-07	3.04806367004064474e-07	3.04807289789880954e-07	3.04808001455350349e-07	3.04808550301822906e-07	3.04808973579982917e-07	3.04809300018084822e-07	3.04809551771764650e-07	3.04809745927762179e-07	3.04809895663612721e-07	3.04810011142017833e-07	3.04810100200596650e-07	3.04810168883831867e-07	3.04810221853314006e-07	3.04810262704127587e-07	3.04810294208852627e-07	3.04810318505742035e-07	3.04810337243846690e-07	3.04810351694937945e-07	3.04810362839823850e-07	3.04810371434917442e-07	3.04810378063575150e-07	3.04810383175689699e-07	3.04810387118224722e-07
0.00000000000000000e+00	5.27941287514800479e-15	1.21249990820228643e-14	2.10013744714815728e-14	3.25109863109265123e-14	4.74350019008945120e-14	6.67863270747194881e-14	9.18783529926518451e-14	1.24414097134752697e-13	1.66601788568773420e-13	2.21304742365023292e-13	2.92235695264260967e-13	3.84208792328303326e-13	5.03466327125051585e-13	6.58102411586596904e-13	8.58612330379710810e-13	1.11860486494443254e-12	1.45572593324855060e-12	1.89285623348577621e-12	2.45966417682932590e-12	3.19461950812673414e-12	4.14760428070799934e-12	5.38329839441386447e-12	6.98556947621488122e-12	9.06316504836700112e-12	1.17570933163766999e-11	1.52501935170184306e-11	1.97795453737275129e-11	2.56525598988121439e-11	3.32678436369183597e-11	4.31422524191493967e-11	5.59459707789767203e-11	7.25479978772530256e-11	9.40751270553092041e-11	1.21988421900249600e-10	1.58182379081193682e-10	2.05113507705235241e-10	2.65967050854498726e-10	3.44873162374244837e-10	4.47187205643908092e-10	5.79853186736207763e-10	7.51874962948297492e-10	9.74927152360274864e-10	1.26414708601026650e-09	1.63916128858759150e-09	2.12541557905326550e-09	2.75589780925103339e-09	3.57336742493110859e-09	4.63323720334871322e-09	6.00728975692611155e-09	7.78845276443296010e-09	1.00968955669720987e-08	1.30877276232322750e-08	1.69605333196923816e-08	2.19707717373253558e-08	2.84425003534284487e-08	3.67805404999473574e-08	4.74773472773029605e-08	6.11043644889783273e-08	7.82686627446685701e-08	9.95053217760849975e-08	1.25076567321824411e-07	1.54689838453254274e-07	1.87255220981770511e-07	2.20913602630192067e-07	2.53478985158708304e-07	2.83092256290138168e-07	3.08663501835877581e-07	3.29900160867294008e-07	3.47064459122984251e-07	3.60691476334659618e-07	3.71388283112015221e-07	3.79726323258534130e-07	3.86198051874637223e-07	3.91208290292270197e-07	3.95081095988730303e-07	3.98071928044990480e-07	4.00380370847529618e-07	4.02161533855036467e-07	4.03535586408613865e-07	4.04595456187031470e-07	4.05412925802711545e-07	4.06043408032909313e-07	4.06529662323374987e-07	4.06904676525952312e-07	4.07193896459602304e-07	4.07416948649014281e-07	4.07588970425226371e-07	4.07721636406318670e-07	4.07823950449588334e-07	4.07902856561108080e-07	4.07963710104257343e-07	4.08010641232881385e-07	4.08046835190062329e-07	4.08074748484907269e-07	4.08096275614085325e-07	4.08112877641183602e-07	4.08125681359543429e-07	4.08135555768325660e-07	4.08143171052063766e-07	4.08149044066588851e-07	4.08153573418445560e-07	4.08157066518646202e-07	4.08159760446914211e-07	4.08161838042486364e-07	4.08163440313568165e-07	4.08164676007681870e-07	4.08165628992454452e-07	4.08166363947785749e-07	4.08166930755729093e-07	4.08167367886029330e-07	4.08167705007097634e-07	4.08167964999632199e-07	4.08168165509550992e-07	4.08168320145635453e-07	4.08168439403170250e-07	4.08168531376267314e-07	4.08168602307220213e-07	4.08168657010174010e-07	4.08168699197865444e-07	4.08168731733609586e-07	4.08168756825635504e-07	4.08168776176960678e-07	4.08168791100976268e-07	4.08168802610588107e-07	4.08168811486963496e-07	4.08168818332549703e-07	4.08168823611962578e-07
0.00000000000000000e+00	7.01288453269465367e-15	1.61061884213538094e-14	2.78970820580598325e-14	4.31858235819740557e-14	6.30100730907125398e-14	8.87153195277715766e-14	1.22046200179705446e-13	1.65264910716235168e-13	2.21304742365023292e-13	2.93969166921830915e-13	3.88189981667715277e-13	5.10362034711845620e-13	6.68777248858165651e-13	8.74187401570730976e-13	1.14053385740019080e-12	1.48589378044161465e-12	1.93370704708050561e-12	2.51436713065464151e-12	3.26728393274714918e-12	4.24355856725043679e-12	5.50945163710080884e-12	7.15088039860996641e-12	9.27925003979497634e-12	1.20390148465457730e-11	1.56174824393809864e-11	2.02575265025281098e-11	2.62740708286159718e-11	3.40754634639859423e-11	4.41911916333894440e-11	5.73078184735418097e-11	7.43155806187016287e-11	9.63688092261754136e-11	1.24964275202470681e-10	1.62042775843347366e-10	2.10120857344813484e-10	2.72461612616812862e-10	3.53296145092959217e-10	4.58110726202301584e-10	5.94019128990965442e-10	7.70245392937194010e-10	9.98749751700876691e-10	1.29504013210933867e-09	1.67922414029493436e-09	2.17737258274301882e-09	2.82328629951546206e-09	3.66078455639668822e-09	4.74666667232987835e-09	6.15453996269589416e-09	7.97975654036740047e-09	1.03457564727372457e-08	1.34121661677894025e-08	1.73850245827786516e-08	2.25294487468151549e-08	2.91847765900927658e-08	3.77814684164342328e-08	4.88572668355662555e-08	6.30663223824934212e-08	8.11677098834364905e-08	1.03967828873659130e-07	1.32177450126923079e-07	1.66144900032879837e-07	2.05481556587568331e-07	2.48739637142428104e-07	2.93449598200575469e-07	3.36707678755435242e-07	3.76044335310123736e-07	4.10011785216080494e-07	4.38221406469344443e-07	4.61021525459567082e-07	4.79122912960510152e-07	4.93331968507437318e-07	5.04407766926569340e-07	5.13004458752910807e-07	5.19659786596188418e-07	5.24804210760224921e-07	5.28777069175214171e-07	5.31843478870266327e-07	5.34209478802636173e-07	5.36034695380307679e-07	5.37442568670673695e-07	5.38528450786606885e-07	5.39365949043488111e-07	5.40011862760260554e-07	5.40510011202708639e-07	5.40894195210894234e-07	5.41190485591302696e-07	5.41418989950066379e-07	5.41595216214012608e-07	5.41731124616801271e-07	5.41835939197910614e-07	5.41916773730386760e-07	5.41979114485658760e-07	5.42027192567160226e-07	5.42064271067801102e-07	5.42092866533777398e-07	5.42114919762384871e-07	5.42131927524530031e-07	5.42145044151370184e-07	5.42155159879539587e-07	5.42162961272174957e-07	5.42168977816501045e-07	5.42173617860564192e-07	5.42177196328157027e-07	5.42179956092963778e-07	5.42182084462604963e-07	5.42183725891366472e-07	5.42184991784436323e-07	5.42185968059070826e-07	5.42186720975872918e-07	5.42187301635956493e-07	5.42187749449223131e-07	5.42188094809146173e-07	5.42188361155602002e-07	5.42188566565754715e-07	5.42188724980968861e-07	5.42188847153021905e-07	5.42188941373836651e-07	5.42189014038261208e-07	5.42189070078092857e-07	5.42189113296803393e-07	5.42189146627684045e-07	5.42189172332930482e-07	5.42189192157179991e-07	5.42189207445921515e-07	5.42189219236815152e-07	5.42189228330119040e-07	5.42189235343003573e-07
0.00000000000000000e+00	9.26060221447793683e-15	2.12684243503831019e-14	3.68384476715567347e-14	5.70274231142393116e-14	8.32055938862091808e-14	1.17149695057266451e-13	1.61163542103625353e-13	2.18234392854918403e-13	2.92235695264260967e-13	3.88189981667715277e-13	5.12609752393696984e-13	6.73939484787431643e-13	8.83128767184858369e-13	1.15437545693397901e-12	1.50608930124062392e-12	1.96214142261790789e-12	2.55348447259612387e-12	3.32025341492453976e-12	4.31448952023460411e-12	5.60367245203255317e-12	7.27530016974205484e-12	9.44282749075709889e-12	1.22533663668067358e-11	1.58976704989631175e-11	2.06230819555686866e-11	2.67503184908527881e-11	3.46952409332397166e-11	4.49970780130182329e-11	5.83550242689278358e-11	7.56756949567314651e-11	9.81346587469511676e-11	1.27256224448858908e-10	1.65016896866825630e-10	2.13979523235990574e-10	2.77467234454479790e-10	3.59788985744212767e-10	4.66532002396627858e-10	6.04940974825236917e-10	7.84409729795205572e-10	1.01711872743252265e-09	1.31886160668847530e-09	1.71011677995521895e-09	2.21743659398949994e-09	2.87524787660317395e-09	3.72818506215329629e-09	4.83411204214816080e-09	6.26803303152012864e-09	8.12714741586294286e-09	1.05373688593054004e-08	1.36617015231343659e-08	1.77109340864409999e-08	2.29571435832798176e-08	2.97504203845142339e-08	3.85388644942380115e-08	4.98909041568121153e-08	6.45166352506497550e-08	8.32798717833569744e-08	1.07182981608544133e-07	1.37290825453234675e-07	1.74541985062329369e-07	2.19396429813668280e-07	2.71340979463986528e-07	3.28463818819573796e-07	3.87503884637570271e-07	4.44626723993157539e-07	4.96571273643475787e-07	5.41425718394814698e-07	5.78676878003909392e-07	6.08784721848599933e-07	6.32687831673787092e-07	6.51451068206494312e-07	6.66076799300331951e-07	6.77428838962906055e-07	6.86217283072629833e-07	6.93010559873864249e-07	6.98256769370703067e-07	7.02306001934009701e-07	7.05430334597838666e-07	7.07840556041281124e-07	7.09699670425623938e-07	7.11133591414995906e-07	7.12239518394990770e-07	7.13092455580540893e-07	7.13750266863154567e-07	7.14257586677188848e-07	7.14648841850455591e-07	7.14950584729711544e-07	7.15183293727348861e-07	7.15362762482318830e-07	7.15501171454747439e-07	7.15607914471399854e-07	7.15690236222689587e-07	7.15753723933908076e-07	7.15802686560277241e-07	7.15840447232695208e-07	7.15869568798397115e-07	7.15892027762187335e-07	7.15909348432875139e-07	7.15922706379131048e-07	7.15933008216210827e-07	7.15940953138653214e-07	7.15947080375188498e-07	7.15951805786645103e-07	7.15955450090777260e-07	7.15958260629653309e-07	7.15960428156974325e-07	7.15962099784692034e-07	7.15963388967623832e-07	7.15964383203729142e-07	7.15965149972671470e-07	7.15965741315721449e-07	7.15966197367842826e-07	7.15966549081687133e-07	7.15966820328376882e-07	7.15967029517659279e-07	7.15967190847391673e-07	7.15967315267162399e-07	7.15967411221448802e-07	7.15967485222751212e-07	7.15967542293601963e-07	7.15967586307449009e-07	7.15967620251550180e-07	7.15967646429720952e-07	7.15967666618696395e-07	7.15967682188719716e-07	7.15967694196541852e-07	7.15967703457144067e-07
0.00000000000000000e+00	1.21751204617217292e-14	2.79620722820916402e-14	4.84323295220299371e-14	7.49752262279391669e-14	1.09392251733901247e-13	1.54019319299375986e-13	2.11885306560488946e-13	2.86917628072325588e-13	3.84208792328303326e-13	5.10362034711845620e-13	6.73939484787431643e-13	8.86043285432299458e-13	1.16106910486637350e-12	1.51768318309292428e-12	1.98008922573602124e-12	2.57967113045399548e-12	3.35712303918956485e-12	4.36521128474236345e-12	5.67235568736213372e-12	7.36727326705222217e-12	9.56499954433984890e-12	1.24146961003773622e-11	1.61097743021771562e-11	2.09010222988556903e-11	2.71136262292379994e-11	3.51692408843970060e-11	4.56146077789894448e-11	5.91586629622738606e-11	7.67206531028980615e-11	9.94925255165659344e-11	1.29019826577384301e-10	1.67306599105023721e-10	2.16951398088571864e-10	2.81323656000144669e-10	3.64792367215885422e-10	4.73022611357615696e-10	6.13360038243194028e-10	7.95329404087123251e-10	1.03128098264197108e-09	1.33722869674757871e-09	1.73393679610470943e-09	2.24832870663803064e-09	2.91531339137365991e-09	3.78015256936794527e-09	4.90152812787313980e-09	6.35551501678786524e-09	8.24072295185076973e-09	1.06849421351460139e-08	1.38537140717550032e-08	1.79613439713677507e-08	2.32849604159559377e-08	3.01822691559407248e-08	3.91135418171875579e-08	5.06679054783015643e-08	6.55926854415314485e-08	8.48214606101516255e-08	1.09489906543434467e-07	1.40915858635020362e-07	1.80499313054294270e-07	2.29474244173837971e-07	2.88445384002888478e-07	3.56738043019574584e-07	4.31838715110051707e-07	5.09460007630131054e-07	5.84560679720608177e-07	6.52853338737294283e-07	7.11824478566344790e-07	7.60799409685888491e-07	8.00382864105162399e-07	8.31808816196748294e-07	8.56477262130031135e-07	8.75706037298651312e-07	8.90630817261881197e-07	9.02185180922995203e-07	9.11116453584242036e-07	9.18013762324226823e-07	9.23337378768815010e-07	9.27445008668427758e-07	9.30613780605036747e-07	9.33057999788331991e-07	9.34943207723394896e-07	9.36397194612309621e-07	9.37518570170814816e-07	9.38383409348809101e-07	9.39050394033544730e-07	9.39564785944078052e-07	9.39961494043435182e-07	9.40267441757540790e-07	9.40503393336095638e-07	9.40685362701939567e-07	9.40825700128825145e-07	9.40933930372966876e-07	9.41017399084182616e-07	9.41081771342094189e-07	9.41131416141077737e-07	9.41169702913605377e-07	9.41199230214666195e-07	9.41222002087079863e-07	9.41239564077220487e-07	9.41253108132403772e-07	9.41263553499298364e-07	9.41271609113953523e-07	9.41277821717883905e-07	9.41282612965880584e-07	9.41286308044082384e-07	9.41289157740638421e-07	9.41291355466915709e-07	9.41293050384495399e-07	9.41294357528898019e-07	9.41295365617143571e-07	9.41296143069052307e-07	9.41296742650957025e-07	9.41297205056999668e-07	9.41297561671077895e-07	9.41297836696897329e-07	9.41298048800697974e-07	9.41298212378148049e-07	9.41298338531390433e-07	9.41298435822554689e-07	9.41298510854876200e-07	9.41298568720863462e-07	9.41298613347931027e-07	9.41298647764956533e-07	9.41298674307853239e-07	9.41298694778110479e-07	9.41298710565062299e-07	9.41298722740182761e-07
