1.00000000000000000e+00	2.00000000000000000e+00	3.00000000000000000e+00	4.00000000000000000e+00	5.00000000000000000e+00	6.00000000000000000e+00	7.00000000000000000e+00	8.00000000000000000e+00	8.99999999999999822e+00	1.00000000000000000e+01	1.10000000000000000e+01	1.20000000000000000e+01	1.30000000000000000e+01	1.40000000000000000e+01	1.50000000000000000e+01	1.60000000000000000e+01	1.69999999999999964e+01	1.80000000000000000e+01	1.90000000000000000e+01	2.00000000000000000e+01	2.10000000000000000e+01	2.20000000000000000e+01	2.30000000000000000e+01	2.40000000000000000e+01	2.50000000000000000e+01	2.60000000000000000e+01	2.70000000000000000e+01	2.80000000000000000e+01	2.90000000000000000e+01	3.00000000000000000e+01	3.10000000000000000e+01	3.20000000000000000e+01	3.30000000000000000e+01	3.40000000000000000e+01	3.50000000000000000e+01	3.60000000000000000e+01	3.70000000000000000e+01	3.80000000000000000e+01	3.90000000000000000e+01	4.00000000000000071e+01	4.10000000000000000e+01	4.20000000000000000e+01	4.30000000000000000e+01	4.40000000000000000e+01	4.50000000000000000e+01	4.60000000000000000e+01	4.70000000000000071e+01	4.80000000000000000e+01	4.90000000000000000e+01	5.00000000000000000e+01	5.10000000000000000e+01	5.20000000000000000e+01	5.30000000000000000e+01	5.40000000000000071e+01	5.50000000000000000e+01	5.60000000000000000e+01	5.70000000000000000e+01	5.80000000000000000e+01	5.90000000000000000e+01	6.00000000000000000e+01	6.10000000000000071e+01	6.20000000000000000e+01	6.30000000000000000e+01	6.40000000000000000e+01	6.50000000000000000e+01	6.60000000000000000e+01	6.70000000000000000e+01	6.80000000000000000e+01	6.90000000000000000e+01	7.00000000000000000e+01	7.10000000000000000e+01	7.20000000000000000e+01	7.30000000000000000e+01	7.40000000000000000e+01	7.50000000000000000e+01	7.60000000000000000e+01	7.70000000000000000e+01	7.79999999999999858e+01	7.90000000000000142e+01	8.00000000000000000e+01	8.10000000000000000e+01	8.20000000000000000e+01	8.30000000000000000e+01	8.40000000000000000e+01	8.50000000000000000e+01	8.60000000000000000e+01	8.70000000000000000e+01	8.80000000000000000e+01	8.90000000000000000e+01	9.00000000000000000e+01	9.10000000000000000e+01	9.19999999999999858e+01	9.30000000000000142e+01	9.40000000000000000e+01	9.50000000000000000e+01	9.60000000000000000e+01	9.70000000000000000e+01	9.80000000000000000e+01	9.90000000000000000e+01	1.00000000000000000e+02	1.01000000000000000e+02	1.02000000000000000e+02	1.03000000000000000e+02	1.03999999999999986e+02	1.04999999999999986e+02	1.05999999999999986e+02	1.07000000000000000e+02	1.08000000000000028e+02	1.08999999999999986e+02	1.10000000000000000e+02	1.10999999999999986e+02	1.12000000000000014e+02	1.12999999999999986e+02	1.14000000000000000e+02	1.14999999999999957e+02	1.16000000000000057e+02	1.16999999999999815e+02	1.17999999999999886e+02	1.18999999999999758e+02	1.20000000000000327e+02	1.20999999999999901e+02	1.22000000000000412e+02	1.23000000000000071e+02	1.23999999999999403e+02	1.25000000000001393e+02	1.26000000000000185e+02	1.26999999999997641e+02	1.28000000000000000e+02
2.00000000000000000e+00	2.79305287908998423e+00	3.62548936130058275e+00	4.49108875250142692e+00	5.38413407906622776e+00	6.29957037090301508e+00	7.23306070580696137e+00	8.18097094973169447e+00	9.14031156396869626e+00	1.01086584880399375e+01	1.10840681658447942e+01	1.20649958858625528e+01	1.30502222596404156e+01	1.40387897770267980e+01	1.50299496353226179e+01	1.60231180998616374e+01	1.70178412298166606e+01	1.80137666865624553e+01	1.90106213928041186e+01	2.00081939412355361e+01	2.10063208101698251e+01	2.20048756022013556e+01	2.30037606666703667e+01	2.40029005920053677e+01	2.50022371589851140e+01	2.60017254319518223e+01	2.70013307343597226e+01	2.80010263103522767e+01	2.90007915178094500e+01	3.00006104326995171e+01	3.10004707714848884e+01	3.20003630593219981e+01	3.30002799881224007e+01	3.40002159212168493e+01	3.50001665111885245e+01	3.60001284050472776e+01	3.70000990168004193e+01	3.80000763520230791e+01	3.90000588725447912e+01	4.00000453920822423e+01	4.10000349957428085e+01	4.20000269779405784e+01	4.30000207945138300e+01	4.40000160257960076e+01	4.50000123481348169e+01	4.60000095119269190e+01	4.70000073246779522e+01	4.80000056379381022e+01	4.90000043372269616e+01	5.00000033342635959e+01	5.10000025609747354e+01	5.20000019648742082e+01	5.30000015055000020e+01	5.40000011516669716e+01	5.50000008793482849e+01	5.60000006700415938e+01	5.70000005095079416e+01	5.80000003867968132e+01	5.90000002934894141e+01	6.00000002231067029e+01	6.10000001706407389e+01	6.20000001321788474e+01	6.30000001046041689e+01	6.40000000853710844e+01	6.50000000723639459e+01	6.60000000638364668e+01	6.70000000583996069e+01	6.80000000550102754e+01	6.90000000529319664e+01	7.00000000516719183e+01	7.10000000509135560e+01	7.20000000504592634e+01	7.30000000501878787e+01	7.40000000500260455e+01	7.50000000499296391e+01	7.60000000498722272e+01	7.70000000498380643e+01	7.80000000498177144e+01	7.90000000498056067e+01	8.00000000497983734e+01	8.10000000497940391e+01	8.20000000497914243e+01	8.30000000497898043e+01	8.40000000497887811e+01	8.50000000497880848e+01	8.60000000497875590e+01	8.70000000497871042e+01	8.80000000497866353e+01	8.90000000497861095e+01	9.00000000497854842e+01	9.10000000497847026e+01	9.20000000497836936e+01	9.30000000497824288e+01	9.40000000497807520e+01	9.50000000497785919e+01	9.60000000497757924e+01	9.70000000497721686e+01	9.80000000497674790e+01	9.90000000497613826e+01	1.00000000049753481e+02	1.01000000049743250e+02	1.02000000049729962e+02	1.03000000049712753e+02	1.04000000049690414e+02	1.05000000049661466e+02	1.06000000049623935e+02	1.07000000049575306e+02	1.08000000049512209e+02	1.09000000049430355e+02	1.10000000049324257e+02	1.11000000049186653e+02	1.12000000049008364e+02	1.13000000048776940e+02	1.14000000048477048e+02	1.15000000048088168e+02	1.16000000047583924e+02	1.17000000046929912e+02	1.18000000046082192e+02	1.19000000044982713e+02	1.20000000043557847e+02	1.21000000041709058e+02	1.22000000039312610e+02	1.23000000036204455e+02	1.24000000032173958e+02	1.25000000026950815e+02	1.26000000020176472e+02	1.27000000011388039e+02	1.28000000000000000e+02
3.00000000000000000e+00	3.62548936130058275e+00	4.30952361044774257e+00	5.04680073084431413e+00	5.83118283770672097e+00	6.65623360156224297e+00	7.51566133750518528e+00	8.40363159418555838e+00	9.31494934192462942e+00	1.02451330709139974e+01	1.11904113904075473e+01	1.21476714521974429e+01	1.31143826073379230e+01	1.40885117039461090e+01	1.50684402595803792e+01	1.60528890788880325e+01	1.70408527304659287e+01	1.80315443545283500e+01	1.90243501978816170e+01	2.00187927647236990e+01	2.10145013069156619e+01	2.20111884031500757e+01	2.30086314961041190e+01	2.40066584125600464e+01	2.50051360515715722e+01	2.60039615738965679e+01	2.70030555552926330e+01	2.80023566752566424e+01	2.90018176024147145e+01	3.00014018102505986e+01	3.10010811147791792e+01	3.20008337716511591e+01	3.30006430062824307e+01	3.40004958788814378e+01	3.50003824083163693e+01	3.60002948959376852e+01	3.70002274038081183e+01	3.80001753521322740e+01	3.90001352086852080e+01	4.00001042492339067e+01	4.10000803727343168e+01	4.20000619587871213e+01	4.30000477576927622e+01	4.40000368056528330e+01	4.50000283593678816e+01	4.60000218455959313e+01	4.70000168222501173e+01	4.80000129483961686e+01	4.90000099611141948e+01	5.00000076576546135e+01	5.10000058816773176e+01	5.20000045126400749e+01	5.30000034576158399e+01	5.40000026449831836e+01	5.50000020195608599e+01	5.60000015388553649e+01	5.70000011701647367e+01	5.80000008883394500e+01	5.90000006740444007e+01	6.00000005123994953e+01	6.10000003919031784e+01	6.20000003035694363e+01	6.30000002402398636e+01	6.40000001960680578e+01	6.50000001661951359e+01	6.60000001466104464e+01	6.70000001341238516e+01	6.80000001263396996e+01	6.90000001215665577e+01	7.00000001186726450e+01	7.10000001169309769e+01	7.20000001158876017e+01	7.30000001152643421e+01	7.40000001148926572e+01	7.50000001146712378e+01	7.60000001145394037e+01	7.70000001144609172e+01	7.80000001144141919e+01	7.90000001143863813e+01	8.00000001143697546e+01	8.10000001143598070e+01	8.20000001143537958e+01	8.30000001143501009e+01	8.40000001143477419e+01	8.50000001143461503e+01	8.60000001143449424e+01	8.70000001143438766e+01	8.80000001143428250e+01	8.90000001143416313e+01	9.00000001143401818e+01	9.10000001143383770e+01	9.20000001143360748e+01	9.30000001143331190e+01	9.40000001143292963e+01	9.50000001143243367e+01	9.60000001143179134e+01	9.70000001143096000e+01	9.80000001142988140e+01	9.90000001142848163e+01	1.00000000114266683e+02	1.01000000114243164e+02	1.02000000114212668e+02	1.03000000114173133e+02	1.04000000114121860e+02	1.05000000114055382e+02	1.06000000113969179e+02	1.07000000113857425e+02	1.08000000113712531e+02	1.09000000113524564e+02	1.10000000113280890e+02	1.11000000112964955e+02	1.12000000112555284e+02	1.13000000112024040e+02	1.14000000111335268e+02	1.15000000110442016e+02	1.16000000109283988e+02	1.17000000107782071e+02	1.18000000105835127e+02	1.19000000103310242e+02	1.20000000100037028e+02	1.21000000095791648e+02	1.22000000090287557e+02	1.23000000083150795e+02	1.24000000073895578e+02	1.25000000061897694e+02	1.26000000046336197e+02	1.27000000026159370e+02	1.28000000000000000e+02
4.00000000000000000e+00	4.49108875250142692e+00	5.04680073084431413e+00	5.66530707498912900e+00	6.34288657795746058e+00	7.07436893450281268e+00	7.85368355828316300e+00	8.67440357108163163e+00	9.53020231546794960e+00	1.04151814494455905e+01	1.13240672144838683e+01	1.22522954085483775e+01	1.31960152891055920e+01	1.41520421939190246e+01	1.51177830723690985e+01	1.60911521176992949e+01	1.70704873687964920e+01	1.80544743058232413e+01	1.90420791468991943e+01	2.00324924894923058e+01	2.10250827823491377e+01	2.20193585537112675e+01	2.30149381263648110e+01	2.40115255598216848e+01	2.50088916723705772e+01	2.60068591494888182e+01	2.70052909057704333e+01	2.80040810175128563e+01	2.90031476747818431e+01	3.00024277130747592e+01	3.10018723764445809e+01	3.20014440382623135e+01	3.30011136652502159e+01	3.40008588575547535e+01	3.50006623347498191e+01	3.60005107667484694e+01	3.70003938713091927e+01	3.80003037174984613e+01	3.90002341882009773e+01	4.00001805654154268e+01	4.10001392103190270e+01	4.20001073164637049e+01	4.30000827193988329e+01	4.40000637498269001e+01	4.50000491203417567e+01	4.60000378380719681e+01	4.70000291373060577e+01	4.80000224275301051e+01	4.90000172533531639e+01	5.00000132636014314e+01	5.10000101874843921e+01	5.20000078162153159e+01	5.30000059888385024e+01	5.40000045813008356e+01	5.50000034980246681e+01	5.60000026654082959e+01	5.70000020268096605e+01	5.80000015386679877e+01	5.90000011674935365e+01	6.00000008875129183e+01	6.10000006788046036e+01	6.20000005258041824e+01	6.30000004161127976e+01	6.40000003396040285e+01	6.50000002878619938e+01	6.60000002539398878e+01	6.70000002323122033e+01	6.80000002188294843e+01	6.90000002105620638e+01	7.00000002055496111e+01	7.10000002025329024e+01	7.20000002007257081e+01	7.30000001996461663e+01	7.40000001990024003e+01	7.50000001986188778e+01	7.60000001983905236e+01	7.70000001982545967e+01	7.80000001981736659e+01	7.90000001981254627e+01	8.00000001980966857e+01	8.10000001980794480e+01	8.20000001980690314e+01	8.30000001980626365e+01	8.40000001980585580e+01	8.50000001980557869e+01	8.60000001980536979e+01	8.70000001980518647e+01	8.80000001980500315e+01	8.90000001980479567e+01	9.00000001980454556e+01	9.10000001980423292e+01	9.20000001980383502e+01	9.30000001980332343e+01	9.40000001980265978e+01	9.50000001980180144e+01	9.60000001980069015e+01	9.70000001979924775e+01	9.80000001979737903e+01	9.90000001979495607e+01	1.00000000197918155e+02	1.01000000197877412e+02	1.02000000197824605e+02	1.03000000197756108e+02	1.04000000197667305e+02	1.05000000197552154e+02	1.06000000197402855e+02	1.07000000197209275e+02	1.08000000196958268e+02	1.09000000196632755e+02	1.10000000196210721e+02	1.11000000195663432e+02	1.12000000194953898e+02	1.13000000194033760e+02	1.14000000192840730e+02	1.15000000191293637e+02	1.16000000189287832e+02	1.17000000186686435e+02	1.18000000183313887e+02	1.19000000178940780e+02	1.20000000173270934e+02	1.21000000165917839e+02	1.22000000156384203e+02	1.23000000144022408e+02	1.24000000127991626e+02	1.25000000107208535e+02	1.26000000080258431e+02	1.27000000045308212e+02	1.28000000000000000e+02
5.00000000000000000e+00	5.38413407906622776e+00	5.83118283770672097e+00	6.34288657795746058e+00	6.91885657914669494e+00	7.55662537090522868e+00	8.25195566194079611e+00	8.99932961218689620e+00	9.79250727083606876e+00	1.06250498149892429e+01	1.14907376755111272e+01	1.23838556443619670e+01	1.32993508158368279e+01	1.42328883765040679e+01	1.51808361808253931e+01	1.61402064683581514e+01	1.71085767107053321e+01	1.80840046364879861e+01	1.90649465900854622e+01	2.00501840379106433e+01	2.10387601540798386e+01	2.20299266788836832e+01	2.30231003056955466e+01	2.40178274294079657e+01	2.50137559736863437e+01	2.60106130655474210e+01	2.70081874564693116e+01	2.80063157479494471e+01	2.90048716380185532e+01	3.00037575498784221e+01	3.10028981290757173e+01	3.20022352005322190e+01	3.30017238626894169e+01	3.40013294653329083e+01	3.50010252729338376e+01	3.60007906590621261e+01	3.70006097117950503e+01	3.80004701569400822e+01	3.90003625268661551e+01	4.00002795190525404e+01	4.10002155011298157e+01	4.20001661290042634e+01	4.30001280522573097e+01	4.40000986868905812e+01	4.50000760400314235e+01	4.60000585747246404e+01	4.70000451056474944e+01	4.80000347186781369e+01	4.90000267088633095e+01	5.00000205325779206e+01	5.10000157706309309e+01	5.20000120998141568e+01	5.30000092709629271e+01	5.40000070920387074e+01	5.50000054150838693e+01	5.60000041261602490e+01	5.70000031375837821e+01	5.80000023819207087e+01	5.90000018073275996e+01	6.00000013739062155e+01	6.10000010508172394e+01	6.20000008139663521e+01	6.30000006441596128e+01	6.40000005257209210e+01	6.50000004456221347e+01	6.60000003931093318e+01	6.70000003596287996e+01	6.80000003387570047e+01	6.90000003259586805e+01	7.00000003181991985e+01	7.10000003135292133e+01	7.20000003107316076e+01	7.30000003090604253e+01	7.40000003080638464e+01	7.50000003074701453e+01	7.60000003071166645e+01	7.70000003069062302e+01	7.80000003067809473e+01	7.90000003067063119e+01	8.00000003066617609e+01	8.10000003066350729e+01	8.20000003066189578e+01	8.30000003066090528e+01	8.40000003066027574e+01	8.50000003065984657e+01	8.60000003065952257e+01	8.70000003065923977e+01	8.80000003065895555e+01	8.90000003065863439e+01	9.00000003065824785e+01	9.10000003065776326e+01	9.20000003065714651e+01	9.30000003065635354e+01	9.40000003065532752e+01	9.50000003065399881e+01	9.60000003065227645e+01	9.70000003065004535e+01	9.80000003064715344e+01	9.90000003064340177e+01	1.00000000306385388e+02	1.01000000306322335e+02	1.02000000306240580e+02	1.03000000306134552e+02	1.04000000305997077e+02	1.05000000305818830e+02	1.06000000305587690e+02	1.07000000305288026e+02	1.08000000304899444e+02	1.09000000304395556e+02	1.10000000303742212e+02	1.11000000302895032e+02	1.12000000301796547e+02	1.13000000300372193e+02	1.14000000298525308e+02	1.15000000296130381e+02	1.16000000293025252e+02	1.17000000288998436e+02	1.18000000283777709e+02	1.19000000277007842e+02	1.20000000268230011e+02	1.21000000256847358e+02	1.22000000242089627e+02	1.23000000222951812e+02	1.24000000198137712e+02	1.25000000165963371e+02	1.26000000124243201e+02	1.27000000070141169e+02	1.28000000000000000e+02
6.00000000000000000e+00	6.29957037090301508e+00	6.65623360156224297e+00	7.07436893450281268e+00	7.55662537090522868e+00	8.10359182350776841e+00	8.71372102950731708e+00	9.38352731388375361e+00	1.01080067039880745e+01	1.08811781513422208e+01	1.16966339008210163e+01	1.25480112863585607e+01	1.34293392433287551e+01	1.43352517080564432e+01	1.52610860674259605e+01	1.62028962733674113e+01	1.71574108763668747e+01	1.81219610818593999e+01	1.90943969648385661e+01	2.00730034935990673e+01	2.10564229534988243e+01	2.20435868485925894e+01	2.30336581450871520e+01	2.40259834589291330e+01	2.50200541637466394e+01	2.60154751613434598e+01	2.70119400458870267e+01	2.80092114957387395e+01	2.90071058775021271e+01	3.00054812079124140e+01	3.10042277712497381e+01	3.20032608243423411e+01	3.30025149352996934e+01	3.40019395964153830e+01	3.50014958282226516e+01	3.60011535530118820e+01	3.70008895647927574e+01	3.80006859610460808e+01	3.90005289316883790e+01	4.00004078241639789e+01	4.10003144218713089e+01	4.20002423873425315e+01	4.30001868326181906e+01	4.40001439877970171e+01	4.50001109453477639e+01	4.60000854628784595e+01	4.70000658110061948e+01	4.80000506560194609e+01	4.90000389693795526e+01	5.00000299579247525e+01	5.10000230100433996e+01	5.20000176541643313e+01	5.30000135267474803e+01	5.40000103476014317e+01	5.50000079008501714e+01	5.60000060202532879e+01	5.70000045778760551e+01	5.80000034753297697e+01	5.90000026369725887e+01	6.00000020045912734e+01	6.10000015331898879e+01	6.20000011876137478e+01	6.30000009398580474e+01	6.40000007670506506e+01	6.50000006501828693e+01	6.60000005735643214e+01	6.70000005247147072e+01	6.80000004942618119e+01	6.90000004755884930e+01	7.00000004642670461e+01	7.10000004574533250e+01	7.20000004533714986e+01	7.30000004509331717e+01	7.40000004494791170e+01	7.50000004486128944e+01	7.60000004480971256e+01	7.70000004477901001e+01	7.80000004476073059e+01	7.90000004474984081e+01	8.00000004474334077e+01	8.10000004473944841e+01	8.20000004473709652e+01	8.30000004473565127e+01	8.40000004473473041e+01	8.50000004473410655e+01	8.60000004473363333e+01	8.70000004473322122e+01	8.80000004473280484e+01	8.90000004473233730e+01	9.00000004473177313e+01	9.10000004473106685e+01	9.20000004473016730e+01	9.30000004472900912e+01	9.40000004472751129e+01	9.50000004472557293e+01	9.60000004472306188e+01	9.70000004471980617e+01	9.80000004471558555e+01	9.90000004471011295e+01	1.00000000447030175e+02	1.01000000446938174e+02	1.02000000446818873e+02	1.03000000446664188e+02	1.04000000446463616e+02	1.05000000446203543e+02	1.06000000445866306e+02	1.07000000445429066e+02	1.08000000444862110e+02	1.09000000444126911e+02	1.10000000443173661e+02	1.11000000441937573e+02	1.12000000440334858e+02	1.13000000438256578e+02	1.14000000435561816e+02	1.15000000432067665e+02	1.16000000427537060e+02	1.17000000421661937e+02	1.18000000414044607e+02	1.19000000404166840e+02	1.20000000391359805e+02	1.21000000374752545e+02	1.22000000353219093e+02	1.23000000325297592e+02	1.24000000289091275e+02	1.25000000242148829e+02	1.26000000181276505e+02	1.27000000102341346e+02	1.28000000000000000e+02
7.00000000000000000e+00	7.23306070580696137e+00	7.51566133750518528e+00	7.85368355828316300e+00	8.25195566194079611e+00	8.71372102950731708e+00	9.24024296672047285e+00	9.83064254641243629e+00	1.04820119153525813e+01	1.11897732319346570e+01	1.19481939301350906e+01	1.27509453696386288e+01	1.35916066520797152e+01	1.44640533411325318e+01	1.53627120186952499e+01	1.62826922471221991e+01	1.72198233281179789e+01	1.81706267674496722e+01	1.91322515342634105e+01	2.01023924841616051e+01	2.10792055215534688e+01	2.20612275236486965e+01	2.30473050613122652e+01	2.40365333628007107e+01	2.50282054400670972e+01	2.60217704998810220e+01	2.70168004253306684e+01	2.80129630458549279e+01	2.90100009895417301e+01	3.00077150520595453e+01	3.10059511771160103e+01	3.20045902995819134e+01	3.30035404429069317e+01	3.40027305830150937e+01	3.50021058912635823e+01	3.60016240509564653e+01	3.70012524077717515e+01	3.80009657668776910e+01	3.90007446909093787e+01	4.00005741854818666e+01	4.10004426843309417e+01	4.20003412659802393e+01	4.30002630492319398e+01	4.40002027267282045e+01	4.50001562050896666e+01	4.60001203273043018e+01	4.70000926585829930e+01	4.80000713211820482e+01	4.90000548670022908e+01	5.00000421793297747e+01	5.10000323970560245e+01	5.20000248562379284e+01	5.30000190450321753e+01	5.40000145689446640e+01	5.50000111240334064e+01	5.60000084762404100e+01	5.70000064454399507e+01	5.80000048931055403e+01	5.90000037127371115e+01	6.00000028223731690e+01	6.10000021586615659e+01	6.20000016721061229e+01	6.30000013232773952e+01	6.40000010799724492e+01	6.50000009154279468e+01	6.60000008075524960e+01	6.70000007387744745e+01	6.80000006958981942e+01	6.90000006696070045e+01	7.00000006536669304e+01	7.10000006440735092e+01	7.20000006383264832e+01	7.30000006348934392e+01	7.40000006328461950e+01	7.50000006316265768e+01	7.60000006309004164e+01	7.70000006304681364e+01	7.80000006302107636e+01	7.90000006300574427e+01	8.00000006299659248e+01	8.10000006299111135e+01	8.20000006298780022e+01	8.30000006298576523e+01	8.40000006298446920e+01	8.50000006298358954e+01	8.60000006298292448e+01	8.70000006298234325e+01	8.80000006298175776e+01	8.90000006298109980e+01	9.00000006298030684e+01	9.10000006297931208e+01	9.20000006297804447e+01	9.30000006297641306e+01	9.40000006297430559e+01	9.50000006297157569e+01	9.60000006296804003e+01	9.70000006296345560e+01	9.80000006295751405e+01	9.90000006294980892e+01	1.00000000629398187e+02	1.01000000629268655e+02	1.02000000629100683e+02	1.03000000628882901e+02	1.04000000628600503e+02	1.05000000628234332e+02	1.06000000627759533e+02	1.07000000627143905e+02	1.08000000626345638e+02	1.09000000625310534e+02	1.10000000623968390e+02	1.11000000622228043e+02	1.12000000619971459e+02	1.13000000617045387e+02	1.14000000613251316e+02	1.15000000608331661e+02	1.16000000601952721e+02	1.17000000593680923e+02	1.18000000582955977e+02	1.19000000569048737e+02	1.20000000551017010e+02	1.21000000527634640e+02	1.22000000497316819e+02	1.23000000458003456e+02	1.24000000407028537e+02	1.25000000340932644e+02	1.26000000255226823e+02	1.27000000144093804e+02	1.28000000000000000e+02
8.00000000000000000e+00	8.18097094973169447e+00	8.40363159418555838e+00	8.67440357108163163e+00	8.99932961218689620e+00	9.38352731388375361e+00	9.83064254641243629e+00	1.03424134755262322e+01	1.09184491514015996e+01	1.15562800694922210e+01	1.22516673358888397e+01	1.29990920708353084e+01	1.37923138600809114e+01	1.46248939134772584e+01	1.54906130604692631e+01	1.63837567179580645e+01	1.72992727106768776e+01	1.82328269711890734e+01	1.91807880573176099e+01	2.01401688375609496e+01	2.11085473253581988e+01	2.20839817036645698e+01	2.30649286902594746e+01	2.40501700538559824e+01	2.50387492105387359e+01	2.60299180926057616e+01	2.70230935447887539e+01	2.80178220806928664e+01	2.90137517167310151e+01	3.00106096521660852e+01	3.10081846946241662e+01	3.20063134891631478e+01	3.30048697675634344e+01	3.40037559791487922e+01	3.50028967896689096e+01	3.60022340396625182e+01	3.70017228396390934e+01	3.80013285487086847e+01	3.90010244385480789e+01	4.00007898882983000e+01	4.10006089903483470e+01	4.20004694738489803e+01	4.30003618737697622e+01	4.40002788896237718e+01	4.50002148906460562e+01	4.60001655340263937e+01	4.70001274703952348e+01	4.80000981166389522e+01	4.90000754806640089e+01	5.00000580262390741e+01	5.10000445687550510e+01	5.20000341948350950e+01	5.30000262003414093e+01	5.40000200425709167e+01	5.50000153033916632e+01	5.60000116608103511e+01	5.70000088670279368e+01	5.80000067314733059e+01	5.90000051076340171e+01	6.00000038827553581e+01	6.10000029696835071e+01	6.20000023003263721e+01	6.30000018204406445e+01	6.40000014857245958e+01	6.50000012593597489e+01	6.60000011109548552e+01	6.70000010163365118e+01	6.80000009573513609e+01	6.90000009211824192e+01	7.00000008992535498e+01	7.10000008860558438e+01	7.20000008781496064e+01	7.30000008734267567e+01	7.40000008706103500e+01	7.50000008689325171e+01	7.60000008679335224e+01	7.70000008673388407e+01	7.80000008669847773e+01	7.90000008667738456e+01	8.00000008666479516e+01	8.10000008665725346e+01	8.20000008665269888e+01	8.30000008664989934e+01	8.40000008664811730e+01	8.50000008664690654e+01	8.60000008664599136e+01	8.70000008664519271e+01	8.80000008664438838e+01	8.90000008664348172e+01	9.00000008664239033e+01	9.10000008664102182e+01	9.20000008663927815e+01	9.30000008663703426e+01	9.40000008663413382e+01	9.50000008663037931e+01	9.60000008662551494e+01	9.70000008661920958e+01	9.80000008661103408e+01	9.90000008660043420e+01	1.00000000865866909e+02	1.01000000865688705e+02	1.02000000865457636e+02	1.03000000865158029e+02	1.04000000864769532e+02	1.05000000864265800e+02	1.06000000863612613e+02	1.07000000862765674e+02	1.08000000861667502e+02	1.09000000860243489e+02	1.10000000858397087e+02	1.11000000856002885e+02	1.12000000852898495e+02	1.13000000848873057e+02	1.14000000843653581e+02	1.15000000836885633e+02	1.16000000828109975e+02	1.17000000816730790e+02	1.18000000801976014e+02	1.19000000782843856e+02	1.20000000758037288e+02	1.21000000725870450e+02	1.22000000684161549e+02	1.23000000630078716e+02	1.24000000559950806e+02	1.25000000469023618e+02	1.26000000351118274e+02	1.27000000198233209e+02	1.28000000000000000e+02
8.99999999999999822e+00	9.14031156396869626e+00	9.31494934192462942e+00	9.53020231546794960e+00	9.79250727083606876e+00	1.01080067039880745e+01	1.04820119153525813e+01	1.09184491514015996e+01	1.14193972375936941e+01	1.19848246679951576e+01	1.26125936830597905e+01	1.32987302563949346e+01	1.40378907673184798e+01	1.48239168112420217e+01	1.56503702403775158e+01	1.65109717447025979e+01	1.73999083559130021e+01	1.83120110825972162e+01	1.92428255303164377e+01	2.01886061898439202e+01	2.11462635512395067e+01	2.21132871927139369e+01	2.30876609979518967e+01	2.40677805315007767e+01	2.50523779984801607e+01	2.60404571098545148e+01	2.70312382709033763e+01	2.80241134617028251e+01	2.90186096868992927e+01	3.00143597166989409e+01	3.10110788717560020e+01	3.20085467265120229e+01	3.30065927620449315e+01	3.40050851593508128e+01	3.50039220714987565e+01	3.60030248417161403e+01	3.70023327426897310e+01	3.80017989013052571e+01	3.90013871449354710e+01	4.00010695628090929e+01	4.10008246214662009e+01	4.20006357090861826e+01	4.30004900114936888e+01	4.40003776445107633e+01	4.50002909843353009e+01	4.60002241508361820e+01	4.70001726088970102e+01	4.80001328608707141e+01	4.90001022093428347e+01	5.00000785741435365e+01	5.10000603512132287e+01	5.20000463037562710e+01	5.30000354783015339e+01	5.40000271399737173e+01	5.50000207225779931e+01	5.60000157901005480e+01	5.70000120069941119e+01	5.80000091152040085e+01	5.90000069163357992e+01	6.00000052577066896e+01	6.10000040213003771e+01	6.20000031149122961e+01	6.30000024650906880e+01	6.40000020118458366e+01	6.50000017053212531e+01	6.60000015043635813e+01	6.70000013762392257e+01	6.80000012963663920e+01	6.90000012473893918e+01	7.00000012176951287e+01	7.10000011998238847e+01	7.20000011891179099e+01	7.30000011827225990e+01	7.40000011789088603e+01	7.50000011766368857e+01	7.60000011752841402e+01	7.70000011744788537e+01	7.80000011739994079e+01	7.90000011737137839e+01	8.00000011735433105e+01	8.10000011734411913e+01	8.20000011733795020e+01	8.30000011733416017e+01	8.40000011733174858e+01	8.50000011733010865e+01	8.60000011732886804e+01	8.70000011732778660e+01	8.80000011732669662e+01	8.90000011732547165e+01	9.00000011732399230e+01	9.10000011732214062e+01	9.20000011731977736e+01	9.30000011731674050e+01	9.40000011731281262e+01	9.50000011730772798e+01	9.60000011730114124e+01	9.70000011729260194e+01	9.80000011728153169e+01	9.90000011726717872e+01	1.00000001172485682e+02	1.01000001172244382e+02	1.02000001171931487e+02	1.03000001171525781e+02	1.04000001170999710e+02	1.05000001170317589e+02	1.06000001169433105e+02	1.07000001168286246e+02	1.08000001166799166e+02	1.09000001164870909e+02	1.10000001162370637e+02	1.11000001159128630e+02	1.12000001154924874e+02	1.13000001149474002e+02	1.14000001142406148e+02	1.15000001133241597e+02	1.16000001121358338e+02	1.17000001105949522e+02	1.18000001085970126e+02	1.19000001060063084e+02	1.20000001026471253e+02	1.21000000982913647e+02	1.22000000926435092e+02	1.23000000853200220e+02	1.24000000758239821e+02	1.25000000635112940e+02	1.26000000475455224e+02	1.27000000268432103e+02	1.28000000000000000e+02
1.00000000000000000e+01	1.01086584880399375e+01	1.02451330709139974e+01	1.04151814494455905e+01	1.06250498149892429e+01	1.08811781513422208e+01	1.11897732319346570e+01	1.15562800694922210e+01	1.19848246679951576e+01	1.24777340622706419e+01	1.30352438352692701e+01	1.36554676353217861e+01	1.43346367576586484e+01	1.50675479109711095e+01	1.58481133369009246e+01	1.66699032881200395e+01	1.75265992951130833e+01	1.84123184584156228e+01	1.93218062358065588e+01	2.02505187100873094e+01	2.11946246642183525e+01	2.21509571435369317e+01	2.31169385069107847e+01	2.40904959642502163e+01	2.50699783113256451e+01	2.60540797730717664e+01	2.70417735891405471e+01	2.80322559420849977e+01	2.90248996913910382e+01	3.00192168295486965e+01	3.10148283887817904e+01	3.20114405408570732e+01	3.30088257466763650e+01	3.40068079666729730e+01	3.50052511035786225e+01	3.60040499986698990e+01	3.70031234337181516e+01	3.80024087015978367e+01	3.90018573997288414e+01	4.00014321743905938e+01	4.10011042030205815e+01	4.20008512484355876e+01	4.30006561557841849e+01	4.40005056919268682e+01	4.50003896494895912e+01	4.60003001553878832e+01	4.70002311372509141e+01	4.80001779117456877e+01	4.90001368669878019e+01	5.00001052175588967e+01	5.10000808155475838e+01	5.20000620048137989e+01	5.30000475085978024e+01	5.40000363428494694e+01	5.50000277493911938e+01	5.60000211443660163e+01	5.70000160784487022e+01	5.80000122060824026e+01	5.90000092615999918e+01	6.00000070405459738e+01	6.10000053848861654e+01	6.20000041711504650e+01	6.30000033009804383e+01	6.40000026940444826e+01	6.50000022835802298e+01	6.60000020144796764e+01	6.70000018429095263e+01	6.80000017359525373e+01	6.90000016703678796e+01	7.00000016306045723e+01	7.10000016066733508e+01	7.20000015923370853e+01	7.30000015837731837e+01	7.40000015786662431e+01	7.50000015756238696e+01	7.60000015738124119e+01	7.70000015727340639e+01	7.80000015720920459e+01	7.90000015717095607e+01	8.00000015714812776e+01	8.10000015713445265e+01	8.20000015712619330e+01	8.30000015712111718e+01	8.40000015711788706e+01	8.50000015711569148e+01	8.60000015711403165e+01	8.70000015711258214e+01	8.80000015711112411e+01	8.90000015710948276e+01	9.00000015710750176e+01	9.10000015710502197e+01	9.20000015710185863e+01	9.30000015709779007e+01	9.40000015709253063e+01	9.50000015708572221e+01	9.60000015707690153e+01	9.70000015706546748e+01	9.80000015705064413e+01	9.90000015703142395e+01	1.00000001570065024e+02	1.01000001569741897e+02	1.02000001569322905e+02	1.03000001568779624e+02	1.04000001568075177e+02	1.05000001567161746e+02	1.06000001565977342e+02	1.07000001564441618e+02	1.08000001562450265e+02	1.09000001559868153e+02	1.10000001556520090e+02	1.11000001552178730e+02	1.12000001546549555e+02	1.13000001539250349e+02	1.14000001529785891e+02	1.15000001517513525e+02	1.16000001501600792e+02	1.17000001480967086e+02	1.18000001454212622e+02	1.19000001419521212e+02	1.20000001374538613e+02	1.21000001316210387e+02	1.22000001240580289e+02	1.23000001142512787e+02	1.24000001015353575e+02	1.25000000850473441e+02	1.26000000636677683e+02	1.27000000359455541e+02	1.28000000000000000e+02
1.10000000000000000e+01	1.10840681658447942e+01	1.11904113904075473e+01	1.13240672144838683e+01	1.14907376755111272e+01	1.16966339008210163e+01	1.19481939301350906e+01	1.22516673358888397e+01	1.26125936830597905e+01	1.30352438352692701e+01	1.35221279473843161e+01	1.40736815824168300e+01	1.46882093915900214e+01	1.53621012439993496e+01	1.60902647124515212e+01	1.68666705403045327e+01	1.76848998673505591e+01	1.85386081167318331e+01	1.94218618652955080e+01	2.03293432172655102e+01	2.12564411198495939e+01	2.21992595797410708e+01	2.31545728026702591e+01	2.41197518857518993e+01	2.50926807011392121e+01	2.60716722084081880e+01	2.70553914860165499e+01	2.80427883624733383e+01	2.90330403935813131e+01	3.00255057256072675e+01	3.10196847932884978e+01	3.20151895882842226e+01	3.30117192337699237e+01	3.40090407088723836e+01	3.50069737189895207e+01	3.60053788689274654e+01	3.70041484467783732e+01	3.80031992594329253e+01	3.90024670732399343e+01	4.00019023062799874e+01	4.10014666940897499e+01	4.20011307110132250e+01	4.30008715772187458e+01	4.40006717191281851e+01	4.50005175805601638e+01	4.60003987049667415e+01	4.70003070271098338e+01	4.80002363264808949e+01	4.90001818055918719e+01	5.00001397646482886e+01	5.10001073506026330e+01	5.20000823636005478e+01	5.30000631077066586e+01	5.40000482757877123e+01	5.50000368607369481e+01	5.60000280869995137e+01	5.70000213577215149e+01	5.80000162138872071e+01	5.90000123026006875e+01	6.00000093522755122e+01	6.10000071529883172e+01	6.20000055407285373e+01	6.30000043848424056e+01	6.40000035786219144e+01	6.50000030333836492e+01	6.60000026759251597e+01	6.70000024480207514e+01	6.80000023059449177e+01	6.90000022188258555e+01	7.00000021660064533e+01	7.10000021342175245e+01	7.20000021151739986e+01	7.30000021037981952e+01	7.40000020970144021e+01	7.50000020929730624e+01	7.60000020905668237e+01	7.70000020891344263e+01	7.80000020882815903e+01	7.90000020877735096e+01	8.00000020874702784e+01	8.10000020872886211e+01	8.20000020871789133e+01	8.30000020871114828e+01	8.40000020870685802e+01	8.50000020870394195e+01	8.60000020870173643e+01	8.70000020869981228e+01	8.80000020869787392e+01	8.90000020869569397e+01	9.00000020869306212e+01	9.10000020868976804e+01	9.20000020868556732e+01	9.30000020868016151e+01	9.40000020867317545e+01	9.50000020866413166e+01	9.60000020865241481e+01	9.70000020863722625e+01	9.80000020861753569e+01	9.90000020859200447e+01	1.00000002085589017e+02	1.01000002085159778e+02	1.02000002084603224e+02	1.03000002083881554e+02	1.04000002082945798e+02	1.05000002081732461e+02	1.06000002080159163e+02	1.07000002078119152e+02	1.08000002075473986e+02	1.09000002072044040e+02	1.10000002067596611e+02	1.11000002061829804e+02	1.12000002054352279e+02	1.13000002044656441e+02	1.14000002032084311e+02	1.15000002015782599e+02	1.16000001994644919e+02	1.17000001967236159e+02	1.18000001931696985e+02	1.19000001885614608e+02	1.20000001825862526e+02	1.21000001748382786e+02	1.22000001647919831e+02	1.23000001517652805e+02	1.24000001348740568e+02	1.25000001129721397e+02	1.26000000845727740e+02	1.27000000477482260e+02	1.28000000000000000e+02
1.20000000000000000e+01	1.20649958858625528e+01	1.21476714521974429e+01	1.22522954085483775e+01	1.23838556443619670e+01	1.25480112863585607e+01	1.27509453696386288e+01	1.29990920708353084e+01	1.32987302563949346e+01	1.36554676353217861e+01	1.40736815824168300e+01	1.45560186921640344e+01	1.51030652063038939e+01	1.57132712706000977e+01	1.63831490208433941e+01	1.71076929177797865e+01	1.78809210479507321e+01	1.86964254419162685e+01	1.95478437340308631e+01	2.04292055069419334e+01	2.13351455328408370e+01	2.22610020973304721e+01	2.32028300271621077e+01	2.41573586721855307e+01	2.51219199371734163e+01	2.60943644901624587e+01	2.70729777909516578e+01	2.80564025253347893e+01	2.90435705194232803e+01	3.00336449959180491e+01	3.10259727735250088e+01	3.20200453852426463e+01	3.30154678575960432e+01	3.40119338820333823e+01	3.50092062126016756e+01	3.60071012746768773e+01	3.70054771305696732e+01	3.80042240998687575e+01	3.90032574667429515e+01	4.00025118204717103e+01	4.10019366697500089e+01	4.20014930478363198e+01	4.30011508869211525e+01	4.40008869887535212e+01	4.50006834569129879e+01	4.60005264861846754e+01	4.70004054279784640e+01	4.80003120690207012e+01	4.90002400747543732e+01	5.00001845599028911e+01	5.10001417571883309e+01	5.20001087617984510e+01	5.30000833343024027e+01	5.40000637486577162e+01	5.50000486749930459e+01	5.60000370891937251e+01	5.70000282031157610e+01	5.80000214106284488e+01	5.90000162457315014e+01	6.00000123497934652e+01	6.10000094456089954e+01	6.20000073166007439e+01	6.30000057902391433e+01	6.40000047256151419e+01	6.50000040056213209e+01	6.60000035335929738e+01	6.70000032326423707e+01	6.80000030450294730e+01	6.90000029299876587e+01	7.00000028602389790e+01	7.10000028182613079e+01	7.20000027931141062e+01	7.30000027780921954e+01	7.40000027691341273e+01	7.50000027637974966e+01	7.60000027606200206e+01	7.70000027587285132e+01	7.80000027576023456e+01	7.90000027569314085e+01	8.00000027565309892e+01	8.10000027562911100e+01	8.20000027561462304e+01	8.30000027560571993e+01	8.40000027560005407e+01	8.50000027559620435e+01	8.60000027559329112e+01	8.70000027559075022e+01	8.80000027558819227e+01	8.90000027558531173e+01	9.00000027558183717e+01	9.10000027557748723e+01	9.20000027557193931e+01	9.30000027556480120e+01	9.40000027555557693e+01	9.50000027554363413e+01	9.60000027552816135e+01	9.70000027550810557e+01	9.80000027548210255e+01	9.90000027544838872e+01	1.00000002754046761e+02	1.01000002753479947e+02	1.02000002752745004e+02	1.03000002751792039e+02	1.04000002750556362e+02	1.05000002748954131e+02	1.06000002746876575e+02	1.07000002744182723e+02	1.08000002740689737e+02	1.09000002736160440e+02	1.10000002730287562e+02	1.11000002722672463e+02	1.12000002712798292e+02	1.13000002699994809e+02	1.14000002683393205e+02	1.15000002661866404e+02	1.16000002633953812e+02	1.17000002597760485e+02	1.18000002550830317e+02	1.19000002489978002e+02	1.20000002411074121e+02	1.21000002308761964e+02	1.22000002176098164e+02	1.23000002004078794e+02	1.24000001781028331e+02	1.25000001491810977e+02	1.26000001116792589e+02	1.27000000630521697e+02	1.28000000000000000e+02
1.30000000000000000e+01	1.30502222596404156e+01	1.31143826073379230e+01	1.31960152891055920e+01	1.32993508158368279e+01	1.34293392433287551e+01	1.35916066520797152e+01	1.37923138600809114e+01	1.40378907673184798e+01	1.43346367576586484e+01	1.46882093915900214e+01	1.51030652063038939e+01	1.55819532449137661e+01	1.61255738582922703e+01	1.67324882873132132e+01	1.73993028771595348e+01	1.81210798451832211e+01	1.88918750420500956e+01	1.97052903248605062e+01	2.05549509645749104e+01	2.14348591598835512e+01	2.23396140728462420e+01	2.32645155721684453e+01	2.42055810133609413e+01	2.51595054607439366e+01	2.61235907951472548e+01	2.70956622064228796e+01	2.80739840276207673e+01	2.90571817256493894e+01	3.00441732740872673e+01	3.10341108607717615e+01	3.20263325799752749e+01	3.30203231065161020e+01	3.40156820994988465e+01	3.50120990638596226e+01	3.60093334967095728e+01	3.70071992947282595e+01	3.80055525599626449e+01	3.90042820941973005e+01	4.00033020074676529e+01	4.10025459814233315e+01	4.20019628235359690e+01	4.30015130255509561e+01	4.40011661016371107e+01	4.50008985309593186e+01	4.60006921682452230e+01	4.70005330163819437e+01	4.80004102788760036e+01	4.90003156285432411e+01	5.00002426431956408e+01	5.10001863702619502e+01	5.20001429909305344e+01	5.30001095610963375e+01	5.40000838115668387e+01	5.50000639939744360e+01	5.60000487619187837e+01	5.70000370792248390e+01	5.80000281490081733e+01	5.90000213586132247e+01	6.00000162365424003e+01	6.10000124183495487e+01	6.20000096192966907e+01	6.30000076125559971e+01	6.40000062128715541e+01	6.50000052662798851e+01	6.60000046456938207e+01	6.70000042500274162e+01	6.80000040033685877e+01	6.90000038521205710e+01	7.00000037604204408e+01	7.10000037052314497e+01	7.20000036721698677e+01	7.30000036524202471e+01	7.40000036406428592e+01	7.50000036336266760e+01	7.60000036294491821e+01	7.70000036269623678e+01	7.80000036254817815e+01	7.90000036245996711e+01	8.00000036240732300e+01	8.10000036237578627e+01	8.20000036235673946e+01	8.30000036234503398e+01	8.40000036233758465e+01	8.50000036233252274e+01	8.60000036232869292e+01	8.70000036232535194e+01	8.80000036232198823e+01	8.90000036231820246e+01	9.00000036231363509e+01	9.10000036230791522e+01	9.20000036230062079e+01	9.30000036229123594e+01	9.40000036227910840e+01	9.50000036226340825e+01	9.60000036224306541e+01	9.70000036221669717e+01	9.80000036218251154e+01	9.90000036213818646e+01	1.00000003620807163e+02	1.01000003620061975e+02	1.02000003619095722e+02	1.03000003617842836e+02	1.04000003616218265e+02	1.05000003614111776e+02	1.06000003611380365e+02	1.07000003607838693e+02	1.08000003603246341e+02	1.09000003597291624e+02	1.10000003589570397e+02	1.11000003579558651e+02	1.12000003566576822e+02	1.13000003549743809e+02	1.14000003527917244e+02	1.15000003499615701e+02	1.16000003462918357e+02	1.17000003415334021e+02	1.18000003353634128e+02	1.19000003273629986e+02	1.20000003169893148e+02	1.21000003035380814e+02	1.22000002860965580e+02	1.23000002634807998e+02	1.24000002341558996e+02	1.25000001961318546e+02	1.26000001468272288e+02	1.27000000828960296e+02	1.28000000000000000e+02
