1.00000000000000000e+00	1.00000000000000000e+00	1.00000000000000000e+00	1.00000000000000000e+00	1.00000000000000000e+00	1.00000000000000000e+00	1.00000000000000000e+00	1.00000000000000000e+00	1.00000000000000000e+00	1.00000000000000000e+00	1.00000000000000000e+00	1.00000000000000000e+00	1.00000000000000000e+00	1.00000000000000000e+00	1.00000000000000000e+00	1.00000000000000000e+00	1.00000000000000000e+00	1.00000000000000000e+00	1.00000000000000000e+00	1.00000000000000000e+00	1.00000000000000000e+00	1.00000000000000000e+00	1.00000000000000000e+00	1.00000000000000000e+00	1.00000000000000000e+00	1.00000000000000000e+00	1.00000000000000000e+00	1.00000000000000000e+00	1.00000000000000000e+00	1.00000000000000000e+00	1.00000000000000000e+00	1.00000000000000000e+00	1.00000000000000000e+00	1.00000000000000000e+00	1.00000000000000000e+00	1.00000000000000000e+00	1.00000000000000000e+00	1.00000000000000000e+00	1.00000000000000000e+00	1.00000000000000000e+00	1.00000000000000000e+00	1.00000000000000000e+00	1.00000000000000000e+00	1.00000000000000000e+00	1.00000000000000000e+00	1.00000000000000000e+00	1.00000000000000000e+00	1.00000000000000000e+00	1.00000000000000000e+00	1.00000000000000000e+00	1.00000000000000000e+00	1.00000000000000000e+00	1.00000000000000000e+00	1.00000000000000000e+00	1.00000000000000000e+00	1.00000000000000000e+00	1.00000000000000000e+00	1.00000000000000000e+00	1.00000000000000000e+00	1.00000000000000000e+00	1.00000000000000000e+00	1.00000000000000000e+00	1.00000000000000000e+00	1.00000000000000000e+00	1.00000000000000000e+00	1.00000000000000000e+00	1.00000000000000000e+00	1.00000000000000000e+00	1.00000000000000000e+00	1.00000000000000000e+00	1.00000000000000000e+00	1.00000000000000000e+00	1.00000000000000000e+00	1.00000000000000000e+00	1.00000000000000000e+00	1.00000000000000000e+00	1.00000000000000000e+00	1.00000000000000000e+00	1.00000000000000000e+00	1.00000000000000000e+00	1.00000000000000000e+00	1.00000000000000000e+00	1.00000000000000000e+00	1.00000000000000000e+00	1.00000000000000000e+00	1.00000000000000000e+00	1.00000000000000000e+00	1.00000000000000000e+00	1.00000000000000000e+00	1.00000000000000000e+00	1.00000000000000000e+00	1.00000000000000000e+00	1.00000000000000000e+00	1.00000000000000000e+00	1.00000000000000000e+00	1.00000000000000000e+00	1.00000000000000000e+00	1.00000000000000000e+00	1.00000000000000000e+00	1.00000000000000000e+00	1.00000000000000000e+00	1.00000000000000000e+00	1.00000000000000000e+00	1.00000000000000000e+00	1.00000000000000000e+00	1.00000000000000000e+00	1.00000000000000000e+00	1.00000000000000000e+00	1.00000000000000000e+00	1.00000000000000000e+00	1.00000000000000000e+00	1.00000000000000000e+00	1.00000000000000000e+00	1.00000000000000000e+00	1.00000000000000000e+00	1.00000000000000000e+00	1.00000000000000000e+00	1.00000000000000000e+00	1.00000000000000000e+00	1.00000000000000000e+00	1.00000000000000000e+00	1.00000000000000000e+00	1.00000000000000000e+00	1.00000000000000000e+00	1.00000000000000000e+00	1.00000000000000000e+00	1.00000000000000000e+00	1.00000000000000000e+00
1.00000000000000000e+00	1.00000001476994571e+00	1.00000003392149495e+00	1.00000005875448017e+00	1.00000009095433695e+00	1.00000013270649757e+00	1.00000018684471659e+00	1.00000025704340145e+00	1.00000034806699611e+00	1.00000046609334903e+00	1.00000061913300775e+00	1.00000081757290160e+00	1.00000107488130885e+00	1.00000140852195996e+00	1.00000184113931101e+00	1.00000240209543567e+00	1.00000312946284553e+00	1.00000407260848401e+00	1.00000529554427442e+00	1.00000688127161230e+00	1.00000893741465569e+00	1.00001160352472396e+00	1.00001506055152301e+00	1.00001954312394514e+00	1.00002535547384541e+00	1.00003289208335655e+00	1.00004266445677814e+00	1.00005533583352624e+00	1.00007176619723692e+00	1.00009307063429431e+00	1.00012069500005696e+00	1.00015651402397276e+00	1.00020295850475760e+00	1.00026318021616767e+00	1.00034126569489046e+00	1.00044251338544776e+00	1.00057379289288684e+00	1.00074401062566731e+00	1.00096471326203829e+00	1.00125086970806021e+00	1.00162188412527819e+00	1.00210290793655576e+00	1.00272653839950854e+00	1.00353501650616428e+00	1.00458306897483363e+00	1.00594157946022666e+00	1.00770232433377704e+00	1.00998406956612174e+00	1.01294039707017092e+00	1.01676970751772222e+00	1.02172792031036952e+00	1.02814443091076146e+00	1.03644182547584829e+00	1.04715955214656709e+00	1.06098091780314618e+00	1.07876084590318921e+00	1.10154773093338254e+00	1.13058469594561095e+00	1.16726139056893707e+00	1.21296675229648776e+00	1.26877512959583894e+00	1.33491814047329993e+00	1.41012252056954668e+00	1.49116219807864581e+00	1.57316653788974081e+00	1.65087898815828482e+00	1.72020994898108115e+00	1.77908912176503997e+00	1.82731226282561154e+00	1.86585139244585774e+00	1.89617581776026389e+00	1.91981335557826815e+00	1.93813840375635471e+00	1.95230184706164067e+00	1.96323112573100755e+00	1.97165800835483296e+00	1.97815319308115889e+00	1.98315895076286841e+00	1.98701688091590878e+00	1.98999038586940658e+00	1.99228241848649534e+00	1.99404931426320275e+00	1.99541149786003524e+00	1.99646174172129909e+00	1.99727152628288329e+00	1.99789593519503161e+00	1.99837742264896989e+00	1.99874871312149582e+00	1.99903503389138337e+00	1.99925583432386200e+00	1.99942611025055594e+00	1.99955742438243655e+00	1.99965869267207541e+00	1.99973679040487728e+00	1.99979701940560539e+00	1.99984346822220105e+00	1.99987928982500973e+00	1.99990691572460055e+00	1.99992822107387891e+00	1.99994465198009186e+00	1.99995732367945012e+00	1.99996709624470492e+00	1.99997463296827593e+00	1.99998044538598641e+00	1.99998492799871719e+00	1.99998838504947263e+00	1.99999105117377596e+00	1.99999310732527502e+00	1.99999469305763378e+00	1.99999591599640403e+00	1.99999685914380998e+00	1.99999758651226722e+00	1.99999814746901206e+00	1.99999858008672948e+00	1.99999891372759686e+00	1.99999917103613134e+00	1.99999936947609980e+00	1.99999952251580226e+00	1.99999964054218049e+00	1.99999973156578958e+00	1.99999980176448267e+00	1.99999985590270635e+00	1.99999989765486963e+00	1.99999992985472774e+00	1.99999995468771363e+00	1.99999997383926309e+00	1.99999998860920902e+00	2.00000000000000000e+00
1.00000000000000000e+00	1.00000003392149495e+00	1.00000007790602918e+00	1.00000013493887052e+00	1.00000020889088659e+00	1.00000030478126334e+00	1.00000042911816145e+00	1.00000059034043076e+00	1.00000079939036013e+00	1.00000107045634024e+00	1.00000142193583752e+00	1.00000187768404358e+00	1.00000246863293940e+00	1.00000323489066401e+00	1.00000422846366810e+00	1.00000551678640370e+00	1.00000718729810023e+00	1.00000935337724561e+00	1.00001216203652077e+00	1.00001580390040568e+00	1.00002052614257164e+00	1.00002664926100504e+00	1.00003458882919372e+00	1.00004488369929012e+00	1.00005823257082782e+00	1.00007554140593435e+00	1.00009798490745649e+00	1.00012708622973090e+00	1.00016482032724485e+00	1.00021374794750306e+00	1.00027718934876786e+00	1.00035944951026234e+00	1.00046611008171715e+00	1.00060440782262017e+00	1.00078372510757574e+00	1.00101622560594539e+00	1.00131767797183557e+00	1.00170852292969581e+00	1.00221525530353350e+00	1.00287221331001697e+00	1.00372389405536322e+00	1.00482794815564436e+00	1.00625904954164880e+00	1.00811389087004954e+00	1.01051762271942591e+00	1.01363213785400363e+00	1.01766670125446779e+00	1.02289154074937816e+00	1.02965513463284908e+00	1.03840604243046819e+00	1.04972017983962029e+00	1.06433434849732445e+00	1.08318641383374215e+00	1.10746142429174532e+00	1.13864050727576038e+00	1.17854433161856864e+00	1.22935321667479824e+00	1.29356860936288487e+00	1.37385304569819877e+00	1.47265147669650998e+00	1.59148196238867246e+00	1.72986327834114162e+00	1.88413871158277657e+00	2.04694673305415309e+00	2.20828141068414663e+00	2.35819355183831636e+00	2.48962582270414456e+00	2.59961617108637855e+00	2.68863206260544896e+00	2.75910362958923905e+00	2.81414768133192661e+00	2.85681086961701602e+00	2.88974146647148444e+00	2.91510838692668406e+00	2.93463260908936263e+00	2.94965684109466331e+00	2.96121953096246360e+00	2.97012038410198898e+00	2.97697412161036157e+00	2.98225301310555668e+00	2.98631992434650861e+00	2.98945376998108969e+00	2.99186904059249414e+00	2.99373076383005277e+00	2.99516596705871807e+00	2.99627246478656728e+00	2.99712560074567547e+00	2.99778342509984785e+00	2.99829067312978959e+00	2.99868182495635116e+00	2.99898345991611848e+00	2.99921606905044991e+00	2.99939545096392557e+00	2.99953378715027297e+00	2.99964047059037497e+00	2.99972274435422337e+00	2.99978619384583745e+00	2.99983512627781623e+00	2.99987286323695157e+00	2.99990196626099292e+00	2.99992441077446692e+00	2.99994172021128058e+00	2.99995506944055901e+00	2.99996536452332085e+00	2.99997330421791242e+00	2.99997942741146062e+00	2.99998414969825200e+00	2.99998779158863949e+00	2.99999060026364717e+00	2.99999276635212642e+00	2.99999443686935630e+00	2.99999572519536883e+00	2.99999671877031160e+00	2.99999748502918084e+00	2.99999807597875101e+00	2.99999853172735298e+00	2.99999888320708230e+00	2.99999915427319719e+00	2.99999936332320472e+00	2.99999952454551844e+00	2.99999964888244186e+00	2.99999974477283260e+00	2.99999981872485622e+00	2.99999987575770133e+00	2.99999991974223734e+00	2.99999995366373318e+00	2.99999997982446986e+00	3.00000000000000000e+00
1.00000000000000000e+00	1.00000005875448017e+00	1.00000013493887052e+00	1.00000023372387048e+00	1.00000036181410135e+00	1.00000052790315386e+00	1.00000074326363020e+00	1.00000102251222223e+00	1.00000138460175658e+00	1.00000185410753573e+00	1.00000246289527617e+00	1.00000325228385023e+00	1.00000427584961216e+00	1.00000560306263520e+00	1.00000732400164538e+00	1.00000955546764003e+00	1.00001244891110153e+00	1.00001620071078490e+00	1.00002106550162906e+00	1.00002737345623638e+00	1.00003555269260458e+00	1.00004615832856514e+00	1.00005991015424112e+00	1.00007774147832373e+00	1.00010086246160390e+00	1.00013084223324933e+00	1.00016971535804644e+00	1.00022011987210124e+00	1.00028547624124786e+00	1.00037021936409443e+00	1.00048009932537840e+00	1.00062257124378395e+00	1.00080730055877809e+00	1.00104681785772964e+00	1.00135736736240011e+00	1.00176000611629790e+00	1.00228202755710094e+00	1.00295880454753727e+00	1.00383617435130157e+00	1.00497352304450582e+00	1.00644777132755125e+00	1.00835851982741032e+00	1.01083468214651417e+00	1.01404302047833839e+00	1.01819910335842567e+00	1.02358132819684777e+00	1.03054878909097347e+00	1.03956391197614328e+00	1.05122089886299896e+00	1.06628106802218459e+00	1.08571604503102526e+00	1.11075925828675470e+00	1.14296497022318588e+00	1.18427150452826457e+00	1.23706032621819428e+00	1.30419342216003242e+00	1.38899541190847620e+00	1.49512110266693887e+00	1.62621361204029791e+00	1.78522482657518733e+00	1.97328482422499185e+00	2.18817544302248779e+00	2.42290976242034084e+00	2.66552242184386845e+00	2.90117617522731486e+00	3.11621841163965874e+00	3.30185561753309953e+00	3.45525304527639765e+00	3.57815977605050639e+00	3.67470762588505817e+00	3.74967055129497329e+00	3.80750825390569148e+00	3.85199698736287477e+00	3.88617678278464407e+00	3.91243098981680193e+00	3.93260292439971293e+00	3.94810898181685532e+00	3.96003460572775356e+00	3.96921106849750815e+00	3.97627520126234346e+00	3.98171524824704059e+00	3.98590587022090848e+00	3.98913481910006418e+00	3.99162327092342695e+00	3.99354134301603469e+00	3.99501995363011098e+00	3.99615989986762132e+00	3.99703881596408328e+00	3.99771651325807831e+00	3.99823908234640113e+00	3.99864204694968484e+00	3.99895279031507300e+00	3.99919242294030042e+00	3.99937722085753578e+00	3.99951973358194213e+00	3.99962963781423797e+00	3.99971439537255069e+00	3.99977976032693538e+00	3.99983016994663476e+00	3.99986904610757277e+00	3.99989902768456629e+00	3.99992214974124405e+00	3.99993998170345710e+00	3.99995373390844433e+00	3.99996433976982813e+00	3.99997251914013274e+00	3.99997882717429354e+00	3.99998369201237036e+00	3.99998744384008242e+00	3.99999033730016462e+00	3.99999256877600651e+00	3.99999428972084425e+00	3.99999561693731032e+00	3.99999664050510262e+00	3.99999742989487084e+00	3.99999803868331094e+00	3.99999850818949820e+00	3.99999887027926926e+00	3.99999914952799696e+00	3.99999936488855035e+00	3.99999953097764616e+00	3.99999965906790012e+00	3.99999975785291229e+00	3.99999983403730885e+00	3.99999989279179147e+00	3.99999993810407872e+00	3.99999997304955457e+00	4.00000000000000000e+00
1.00000000000000000e+00	1.00000009095433695e+00	1.00000020889088659e+00	1.00000036181410135e+00	1.00000056010300686e+00	1.00000081721563450e+00	1.00000115060242667e+00	1.00000158289060948e+00	1.00000214341991667e+00	1.00000287023389056e+00	1.00000381266191285e+00	1.00000503466720225e+00	1.00000661918800038e+00	1.00000867376657765e+00	1.00001133784807328e+00	1.00001479224451439e+00	1.00001927140627345e+00	1.00002507933372820e+00	1.00003261020887035e+00	1.00004237514682770e+00	1.00005503688241060e+00	1.00007145474498360e+00	1.00009274297262452e+00	1.00012034632084257e+00	1.00015613809318360e+00	1.00020254723991275e+00	1.00026272313890829e+00	1.00034074922214611e+00	1.00044191991241260e+00	1.00057309960839391e+00	1.00074318798560791e+00	1.00096372303022507e+00	1.00124966245961211e+00	1.00162039610368692e+00	1.00210105718233633e+00	1.00272422017214402e+00	1.00353209830591839e+00	1.00457938616700404e+00	1.00593693411681206e+00	1.00769649354072577e+00	1.00997683750450462e+00	1.01293164289519977e+00	1.01675961976132556e+00	1.02171749269793732e+00	1.02813657675518444e+00	1.03644384069643358e+00	1.04718849853937224e+00	1.06107528453768807e+00	1.07900558607600305e+00	1.10212742193513891e+00	1.13189466421532492e+00	1.17013457724046899e+00	1.21912013440687494e+00	1.28163879401711278e+00	1.36104113316178732e+00	1.46123910616802233e+00	1.58660263199347407e+00	1.74167383860660951e+00	1.93058545750804633e+00	2.15605563196950056e+00	2.41789634148279875e+00	2.71123053897194666e+00	3.02515485214374946e+00	3.34316613434408483e+00	3.64637790110783966e+00	3.91862767848872995e+00	4.15051807741279877e+00	4.34009864112668708e+00	4.49074248467976744e+00	4.60833246856769474e+00	4.69919659743947271e+00	4.76904934541454839e+00	4.82263301120861243e+00	4.86371484903576778e+00	4.89522089797871462e+00	4.91939890393082369e+00	4.93796735410418908e+00	4.95223822154643578e+00	4.96321338079604590e+00	4.97165867941710360e+00	4.97816029097043788e+00	4.98316744454613136e+00	4.98702482153414017e+00	4.98999715415097889e+00	4.99228794149533428e+00	4.99405372088387356e+00	4.99541497218965969e+00	4.99646446447706527e+00	4.99727365454649419e+00	4.99789759820128854e+00	4.99837872375882419e+00	4.99874973373206721e+00	4.99903583754355996e+00	4.99925647036923149e+00	4.99942661690728940e+00	4.99955783119595498e+00	4.99965902246007410e+00	4.99973706077886426e+00	4.99979724395407032e+00	4.99984365742749137e+00	4.99987945177241233e+00	4.99990705665007873e+00	4.99992834578688150e+00	4.99994476418979961e+00	4.99995742624645523e+00	4.99996719137513779e+00	4.99997472236353335e+00	4.99998053035820433e+00	4.99998500955983172e+00	4.99998846397989993e+00	4.99999112807538282e+00	4.99999318266222836e+00	4.99999476718790525e+00	4.99999598919606658e+00	4.99999693162577330e+00	4.99999765844073085e+00	4.99999821897061025e+00	4.99999865125912191e+00	4.99999898464610126e+00	4.99999924175883503e+00	4.99999944004779806e+00	4.99999959297104279e+00	4.99999971090760820e+00	4.99999980186195181e+00	4.99999987200722629e+00	4.99999992610425270e+00	4.99999996782464429e+00	5.00000000000000000e+00
1.00000000000000000e+00	1.00000013270649757e+00	1.00000030478126334e+00	1.00000052790315386e+00	1.00000081721563450e+00	1.00000119235457574e+00	1.00000167878095203e+00	1.00000230950889235e+00	1.00000312734636387e+00	1.00000418780056211e+00	1.00000556284519471e+00	1.00000734580533268e+00	1.00000965769135575e+00	1.00001265541184670e+00	1.00001654242280380e+00	1.00002158253585605e+00	1.00002811782251166e+00	1.00003659182938009e+00	1.00004757967959357e+00	1.00006182710276015e+00	1.00008030104129708e+00	1.00010425526591318e+00	1.00013531545038270e+00	1.00017558947425700e+00	1.00022781043070519e+00	1.00029552203014815e+00	1.00038331895731525e+00	1.00049715845145482e+00	1.00064476418377657e+00	1.00083614972068924e+00	1.00108429689407341e+00	1.00140603477281731e+00	1.00182317830840750e+00	1.00236400295449202e+00	1.00306515369600779e+00	1.00397411528688951e+00	1.00515240670447925e+00	1.00667970882661550e+00	1.00865919238513313e+00	1.01122438584864272e+00	1.01454801256680915e+00	1.01885333536408540e+00	1.02442867557342976e+00	1.03164592006213263e+00	1.04098398611538401e+00	1.05305836143112286e+00	1.06865793761460415e+00	1.08879034174515721e+00	1.11473672219941422e+00	1.14811626272224987e+00	1.19095926448266187e+00	1.24578496349219181e+00	1.31567563738994697e+00	1.40433105775506162e+00	1.51607583875586593e+00	1.65577569090762933e+00	1.82859684299096470e+00	2.03951856653657115e+00	2.29249185206356998e+00	2.58915540354872364e+00	2.92713501406876908e+00	3.29826401296207727e+00	3.68761551662045006e+00	4.07470622602810995e+00	4.43766693351115737e+00	4.75899943472083997e+00	5.02960023840866732e+00	5.24887575081271951e+00	5.42194247638164306e+00	5.55634968932695461e+00	5.65981325221671749e+00	5.73912460833923710e+00	5.79983311030859827e+00	5.84630192072103050e+00	5.88189547814711489e+00	5.90918475148060551e+00	5.93012769700670450e+00	5.94621473619710716e+00	5.95858148809075594e+00	5.96809456712283559e+00	5.97541641353425135e+00	5.98105420056923887e+00	5.98539677125741676e+00	5.98874260055452012e+00	5.99132102169155267e+00	5.99330838283927125e+00	5.99484037495418587e+00	5.99602145794999153e+00	5.99693208084391305e+00	5.99763422010779923e+00	5.99817563288696665e+00	5.99859312630787045e+00	5.99891507232091659e+00	5.99916334329813417e+00	5.99935480247267261e+00	5.99950245200173438e+00	5.99961631754298530e+00	5.99970412996013636e+00	5.99977185077068942e+00	5.99982407720405941e+00	5.99986435448417144e+00	5.99989541660434522e+00	5.99991937197947056e+00	5.99993784660167950e+00	5.99995209443099586e+00	5.99996308252240595e+00	5.99997155667244542e+00	5.99997809204403421e+00	5.99998313220743107e+00	5.99998701924820121e+00	5.99999001698632206e+00	5.99999232888275280e+00	5.99999411184902076e+00	5.99999548689725248e+00	5.99999654735355570e+00	5.99999736519225202e+00	5.99999799592089911e+00	5.99999848234767885e+00	5.99999885748684747e+00	5.99999914679945423e+00	5.99999936992141158e+00	5.99999954199621133e+00	5.99999967470272466e+00	5.99999977704786147e+00	5.99999985597787600e+00	5.99999991684981815e+00	5.99999996379511913e+00	6.00000000000000000e+00
1.00000000000000000e+00	1.00000018684471659e+00	1.00000042911816145e+00	1.00000074326363020e+00	1.00000115060242667e+00	1.00000167878095203e+00	1.00000236364708095e+00	1.00000325168317095e+00	1.00000440316083372e+00	1.00000589623157565e+00	1.00000783223093137e+00	1.00001034255606491e+00	1.00001359758359287e+00	1.00001781823282743e+00	1.00002329095914932e+00	1.00003038719495096e+00	1.00003958855734387e+00	1.00005151953301663e+00	1.00006698985779074e+00	1.00008704946586335e+00	1.00011305973591180e+00	1.00014678586578087e+00	1.00019051663887892e+00	1.00024721970013575e+00	1.00032074286208972e+00	1.00041607507341035e+00	1.00053968471072907e+00	1.00069995806772249e+00	1.00090776765716827e+00	1.00117720865356086e+00	1.00152655304996463e+00	1.00197948560075245e+00	1.00256670427919303e+00	1.00332799193339972e+00	1.00431489648653960e+00	1.00559419611809719e+00	1.00725237543263058e+00	1.00940140102826725e+00	1.01218616267624473e+00	1.01579404200491807e+00	1.02046718601714059e+00	1.02651819816593548e+00	1.03435011174932390e+00	1.04448166901755246e+00	1.05757907257037598e+00	1.07449546091059167e+00	1.09631931174408837e+00	1.12443266738994474e+00	1.16057930275750065e+00	1.20694140907727054e+00	1.26622060775126433e+00	1.34171456917699872e+00	1.43737354830683550e+00	1.55781121420075896e+00	1.70823112999115678e+00	1.89421498885737427e+00	2.12130380061201107e+00	2.39429406563955727e+00	2.71617846130603269e+00	3.08670832417870900e+00	3.50069393243098848e+00	3.94646951257819945e+00	4.40545239573342684e+00	4.85407140938478943e+00	5.26860347496697745e+00	5.63120554274913321e+00	5.93368131712990188e+00	6.17701652407470103e+00	6.36803013211039826e+00	6.51577481555766713e+00	6.62916264211005046e+00	6.71588628327708381e+00	6.78215680230535245e+00	6.83281881728133733e+00	6.87158712682357287e+00	6.90128889945121049e+00	6.92407071860688195e+00	6.94156289284607553e+00	6.95500549630996812e+00	6.96534361762966459e+00	6.97329895977388237e+00	6.97942364418008854e+00	6.98414072539811759e+00	6.98777479174074134e+00	6.99057515354271697e+00	6.99273346901470472e+00	6.99439717885231982e+00	6.99567977022677834e+00	6.99666863367158331e+00	6.99743108688912763e+00	6.99801899901625291e+00	6.99847234409611829e+00	6.99882193388585794e+00	6.99909152084528863e+00	6.99929941725018612e+00	6.99945974223995204e+00	6.99958338258351453e+00	6.99967873305469457e+00	6.99975226707421072e+00	6.99980897659087198e+00	6.99985271120157204e+00	6.99988643961245227e+00	6.99991245123802219e+00	6.99993251165142016e+00	6.99994798245448191e+00	6.99995991371408799e+00	6.99996911524493992e+00	6.99997621158061545e+00	6.99998168436609092e+00	6.99998590505031792e+00	6.99998916009851069e+00	6.99999167043582116e+00	6.99999360644233182e+00	6.99999509951726129e+00	6.99999625099736278e+00	6.99999713903486320e+00	6.99999782390179970e+00	6.99999835208078203e+00	6.99999875941983163e+00	6.99999907356543627e+00	6.99999931583895130e+00	6.99999950268370075e+00	6.99999964678100817e+00	6.99999975791088414e+00	6.99999984361581440e+00	6.99999990971266683e+00	6.99999996068749386e+00	7.00000000000000000e+00
1.00000000000000000e+00	1.00000025704340145e+00	1.00000059034043076e+00	1.00000102251222223e+00	1.00000158289060948e+00	1.00000230950889235e+00	1.00000325168317095e+00	1.00000447335944154e+00	1.00000605745361604e+00	1.00000811147900914e+00	1.00001077484321566e+00	1.00001422830958031e+00	1.00001870626535205e+00	1.00002451262905989e+00	1.00003204147656621e+00	1.00004180378538754e+00	1.00005446211190407e+00	1.00007087555412300e+00	1.00009215805014073e+00	1.00011975396651098e+00	1.00015553610246744e+00	1.00020193275440739e+00	1.00026209245245701e+00	1.00034009752950981e+00	1.00044124098350951e+00	1.00057238536613546e+00	1.00074242795894475e+00	1.00096290364578921e+00	1.00124876612488101e+00	1.00161940002144756e+00	1.00209993182004653e+00	1.00272292729064261e+00	1.00353058843098975e+00	1.00457759536842262e+00	1.00593477995273006e+00	1.00769387005453970e+00	1.00997360928116775e+00	1.01292763851576151e+00	1.01675462580526088e+00	1.02171125131477325e+00	1.02812879402275170e+00	1.03643422222908188e+00	1.04717684896687646e+00	1.06106175108414447e+00	1.07899122019732929e+00	1.10211543311082738e+00	1.13189316412671381e+00	1.17016250301276181e+00	1.21921988626224653e+00	1.28190288991924484e+00	1.36166769572970314e+00	1.46264550330010823e+00	1.58965329316057535e+00	1.74812382764469487e+00	1.94390935726150449e+00	2.18290631916264344e+00	2.47044843241438139e+00	2.81042691922385712e+00	3.20412338875422531e+00	3.64879571134306557e+00	4.13618048157731000e+00	4.65134652665796899e+00	5.17277743183933403e+00	5.67483468344831898e+00	6.13295124350032594e+00	6.52966730201308110e+00	6.85803954642393432e+00	7.12066670249432843e+00	7.32593025040168655e+00	7.48418815115667879e+00	7.60535663293420860e+00	7.69786824755827581e+00	7.76846892736268391e+00	7.82238810473431201e+00	7.86361828310992994e+00	7.89518842541949173e+00	7.91939297300635303e+00	7.93797148193101521e+00	7.95224537012096100e+00	7.96322070289765005e+00	7.97166515357782224e+00	7.97816566412166495e+00	7.98317176506510684e+00	7.98702823766954229e+00	7.98999983075397413e+00	7.99229002869026850e+00	7.99405534489653213e+00	7.99541623510629851e+00	7.99646544717187435e+00	7.99727442035689773e+00	7.99789819640710142e+00	7.99837919255808938e+00	7.99875010266858766e+00	7.99903612943882614e+00	7.99925670283920098e+00	7.99942680354411095e+00	7.99955798248462369e+00	7.99965914648767473e+00	7.99973716378253386e+00	7.99979733074400645e+00	7.99984373171334795e+00	7.99987951641507600e+00	7.99990711385586373e+00	7.99992839725729699e+00	7.99994481123705281e+00	7.99995746988252598e+00	7.99996723238046936e+00	7.99997476134001051e+00	7.99998056777000510e+00	7.99998504576493552e+00	7.99998849925438371e+00	7.99999116263215981e+00	7.99999321666550145e+00	7.99999480076430824e+00	7.99999602244326091e+00	7.99999696461907828e+00	7.99999769123823246e+00	7.99999825161710465e+00	7.99999868378915924e+00	7.99999901708632422e+00	7.99999927412979162e+00	7.99999947236533604e+00	7.99999962524738439e+00	7.99999974315217699e+00	7.99999983408201754e+00	7.99999990420839513e+00	7.99999995829084831e+00	8.00000000000000000e+00
1.00000000000000000e+00	1.00000034806699611e+00	1.00000079939036013e+00	1.00000138460175658e+00	1.00000214341991667e+00	1.00000312734636387e+00	1.00000440316083372e+00	1.00000605745361604e+00	1.00000820250241795e+00	1.00001098389259191e+00	1.00001459039787255e+00	1.00001926679216568e+00	1.00002533046181408e+00	1.00003319294561677e+00	1.00004338786419944e+00	1.00005660713373246e+00	1.00007374792087078e+00	1.00009597352412882e+00	1.00012479231097262e+00	1.00016216006346692e+00	1.00021061267088873e+00	1.00027343816201175e+00	1.00035489973076941e+00	1.00046052485478976e+00	1.00059748006657889e+00	1.00077505670758327e+00	1.00100530045583969e+00	1.00130382705491727e+00	1.00169087910616339e+00	1.00219269480588857e+00	1.00284328010759416e+00	1.00368670220751066e+00	1.00478005601937381e+00	1.00619729827300652e+00	1.00803419822166496e+00	1.01041472213785100e+00	1.01349925340582847e+00	1.01749515344609254e+00	1.02267029237647566e+00	1.02937032147263507e+00	1.03804061696016969e+00	1.04925398313314333e+00	1.06374533482836542e+00	1.08245463424041177e+00	1.10657924789305451e+00	1.13763647546580904e+00	1.17753606888739659e+00	1.22866080511737463e+00	1.29395021477269823e+00	1.37697799344659400e+00	1.48200716143002897e+00	1.61399886375325119e+00	1.77854189075817137e+00	1.98166296660469121e+00	2.22947632786118533e+00	2.52763893657202221e+00	2.88059609729673038e+00	3.29062729791865616e+00	3.75672701091049133e+00	4.27338549260976208e+00	4.82941653097604817e+00	5.40721010679834713e+00	5.98320870558726536e+00	6.53066971612321634e+00	7.02496853502244978e+00	7.44948833038359837e+00	7.79867110909798367e+00	8.07663843270739612e+00	8.29314479804203408e+00	8.45964979952653273e+00	8.58689601550218207e+00	8.68391465024459208e+00	8.75787930047352248e+00	8.81432444250101987e+00	8.85746131085256572e+00	8.89047704135745676e+00	8.91578154296582603e+00	8.93519944465524496e+00	8.95011536920972972e+00	8.96158268101140365e+00	8.97040466533902503e+00	8.97719521124378517e+00	8.98242432253014833e+00	8.98645238570609095e+00	8.98955607494709952e+00	8.99194800634815294e+00	8.99379169698168468e+00	8.99521298077150711e+00	8.99630873954471255e+00	8.99715359255690750e+00	8.99780502913743341e+00	8.99830735123519077e+00	8.99869470450265219e+00	8.99899341025854937e+00	8.99922376055775786e+00	8.99940140056363447e+00	8.99953839345474016e+00	8.99964404098217585e+00	8.99972551586996516e+00	8.99978834927817317e+00	8.99983680659075702e+00	8.99987417713886373e+00	8.99990299758622037e+00	8.99992522417536911e+00	8.99994236554754679e+00	8.99995558516400962e+00	8.99996578028813765e+00	8.99997364289357549e+00	8.99997970663509328e+00	8.99998438307176585e+00	8.99998798960197099e+00	8.99999077100674860e+00	8.99999291606406970e+00	8.99999457036178896e+00	8.99999584617909498e+00	8.99999683010715223e+00	8.99999758892620960e+00	8.99999817413809389e+00	8.99999862546171414e+00	8.99999897352883416e+00	8.99999924196309742e+00	8.99999944898338278e+00	8.99999960864034776e+00	8.99999973177005153e+00	8.99999982672941812e+00	8.99999989996342187e+00	8.99999995644252060e+00	8.99999999999999822e+00
1.00000000000000000e+00	1.00000046609334903e+00	1.00000107045634024e+00	1.00000185410753573e+00	1.00000287023389056e+00	1.00000418780056211e+00	1.00000589623157565e+00	1.00000811147900914e+00	1.00001098389259191e+00	1.00001470842378870e+00	1.00001953785684528e+00	1.00002579996467222e+00	1.00003391975372802e+00	1.00004444830730632e+00	1.00005810018422547e+00	1.00007580191014367e+00	1.00009875485088284e+00	1.00012851673205172e+00	1.00016710733277470e+00	1.00021714551864660e+00	1.00028202690032453e+00	1.00036615415184182e+00	1.00047523558060814e+00	1.00061667214616579e+00	1.00080005908215663e+00	1.00103783597736018e+00	1.00134612911863785e+00	1.00174584273077683e+00	1.00226407227689474e+00	1.00293593423013294e+00	1.00380693396738585e+00	1.00493602823710559e+00	1.00639958290874576e+00	1.00829648264161897e+00	1.01075471920685844e+00	1.01393987204670721e+00	1.01806600056418395e+00	1.02340959387291552e+00	1.03032736917392254e+00	1.03927886867938679e+00	1.05085496251994037e+00	1.06581349190858043e+00	1.08512332923940180e+00	1.11001799835534887e+00	1.14205954270870280e+00	1.18321233237108703e+00	1.23592465989562461e+00	1.30321291887542179e+00	1.38873852557332467e+00	1.49686136930924940e+00	1.63264584492067466e+00	1.80178785252481677e+00	2.01042643196886006e+00	2.26480611010435195e+00	2.57076948532377170e+00	2.93308431666260772e+00	3.35463820078765051e+00	3.83555215649698811e+00	4.37226019925384168e+00	4.95658947932701732e+00	5.57492280246416172e+00	6.20774995160035914e+00	6.83035573050396039e+00	7.41567878545998127e+00	7.93957134532990061e+00	8.38649198604251467e+00	8.75225165440422792e+00	9.04233588551081802e+00	9.26766808481900739e+00	9.44061805671523047e+00	9.57259821092249474e+00	9.67311878528520097e+00	9.74969248648163322e+00	9.80809407441319614e+00	9.85270623143348523e+00	9.88683961273270562e+00	9.91299404104193016e+00	9.93306024604293825e+00	9.94847187701080138e+00	9.96031893912405231e+00	9.96943227699570045e+00	9.97644661712334546e+00	9.98184778513530802e+00	9.98600822168409330e+00	9.98921380925079916e+00	9.99168421312424826e+00	9.99358835564773429e+00	9.99505622082408252e+00	9.99618788004944570e+00	9.99706040585863143e+00	9.99773317568155484e+00	9.99825194527539551e+00	9.99865198010924416e+00	9.99896046429888941e+00	9.99919835481197516e+00	9.99938180931140863e+00	9.99952328604983265e+00	9.99963239136226711e+00	9.99971653281102668e+00	9.99978142263042002e+00	9.99983146582979110e+00	9.99987005940849905e+00	9.99989982305786462e+00	9.99992277704793686e+00	9.99994047939616060e+00	9.99995413164181279e+00	9.99996466041362631e+00	9.99997278033165138e+00	9.99997904251554459e+00	9.99998387199334893e+00	9.99998759655077762e+00	9.99999046897966970e+00	9.99999268423598231e+00	9.99999439267210022e+00	9.99999571024167366e+00	9.99999672636965187e+00	9.99999751002173021e+00	9.99999811438518549e+00	9.99999858047876344e+00	9.99999893993668287e+00	9.99999921715568796e+00	9.99999943095089172e+00	9.99999959583276876e+00	9.99999972299199769e+00	9.99999982105899043e+00	9.99999989668964062e+00	9.99999995501706529e+00	1.00000000000000000e+01
1.00000000000000000e+00	1.00000061913300775e+00	1.00000142193583752e+00	1.00000246289527617e+00	1.00000381266191285e+00	1.00000556284519471e+00	1.00000783223093137e+00	1.00001077484321566e+00	1.00001459039787255e+00	1.00001953785684528e+00	1.00002595300332398e+00	1.00003427123022592e+00	1.00004505708831037e+00	1.00005904259872591e+00	1.00007717692919429e+00	1.00010069080353592e+00	1.00013118001295020e+00	1.00017071369178234e+00	1.00022197469772789e+00	1.00028844160936359e+00	1.00037462466840954e+00	1.00048637163840715e+00	1.00063126426825710e+00	1.00081913215051821e+00	1.00106271865144447e+00	1.00137854377554203e+00	1.00178802196601358e+00	1.00231890976304894e+00	1.00300717998809152e+00	1.00389944699417000e+00	1.00505610311772497e+00	1.00655537171007081e+00	1.00849853926643185e+00	1.01101670071789562e+00	1.01427944049114060e+00	1.01850597972253021e+00	1.02397944816134112e+00	1.03106508637756944e+00	1.04023334344435558e+00	1.05208899174024939e+00	1.06740750283120089e+00	1.08717996027624708e+00	1.11266763165824711e+00	1.14546683245311254e+00	1.18758366492261769e+00	1.24151630180347494e+00	1.31033934474483882e+00	1.39778009072078446e+00	1.50827019811036633e+00	1.64694878944303236e+00	1.81958612382237805e+00	2.03239382625065934e+00	2.29169275827303753e+00	2.60342694650790119e+00	2.97254138537180657e+00	3.40227449385749514e+00	3.89343507799110355e+00	4.44372039289844967e+00	5.04708461772297046e+00	5.69312226247761988e+00	6.36647674016112042e+00	7.04653907445407768e+00	7.70818305893024291e+00	8.32458890692563713e+00	8.87239302760153770e+00	9.33719424705464363e+00	9.71606603512844380e+00	1.00156709060416436e+01	1.02479042675782992e+01	1.04258759691371417e+01	1.05615351549380030e+01	1.06647721322309383e+01	1.07433667859665505e+01	1.08032822294418622e+01	1.08490350308227121e+01	1.08840320268537294e+01	1.09108429006051715e+01	1.09314096534746934e+01	1.09472039131541266e+01	1.09593440400630886e+01	1.09686821895495203e+01	1.09758691913037350e+01	1.09814030923587502e+01	1.09856656411021927e+01	1.09889498283191536e+01	1.09914807597122959e+01	1.09934315285990465e+01	1.09949353209757756e+01	1.09960946689059647e+01	1.09969885374184901e+01	1.09976777603643239e+01	1.09982092148710979e+01	1.09986190301290652e+01	1.09989350557163696e+01	1.09991787614270784e+01	1.09993667001925814e+01	1.09995116349650619e+01	1.09996234069865952e+01	1.09997096049346403e+01	1.09997760806932199e+01	1.09998273469543566e+01	1.09998668837536098e+01	1.09998973748149211e+01	1.09999208897875960e+01	1.09999390247689099e+01	1.09999530106645675e+01	1.09999637967503467e+01	1.09999721151115661e+01	1.09999785303370778e+01	1.09999834778423988e+01	1.09999872934241143e+01	1.09999902360520991e+01	1.09999925054468726e+01	1.09999942556352952e+01	1.09999956054048091e+01	1.09999966463658208e+01	1.09999974491694790e+01	1.09999980683028973e+01	1.09999985457872764e+01	1.09999989140299395e+01	1.09999991980238629e+01	1.09999994170439788e+01	1.09999995859553810e+01	1.09999997162222378e+01	1.09999998166858752e+01	1.09999998941648531e+01	1.09999999539177331e+01	1.10000000000000000e+01
1.00000000000000000e+00	1.00000081757290160e+00	1.00000187768404358e+00	1.00000325228385023e+00	1.00000503466720225e+00	1.00000734580533268e+00	1.00001034255606491e+00	1.00001422830958031e+00	1.00001926679216568e+00	1.00002579996467222e+00	1.00003427123022592e+00	1.00004525552591317e+00	1.00005949834010988e+00	1.00007796630244683e+00	1.00010191277807037e+00	1.00013296291490428e+00	1.00017322391069508e+00	1.00022542797461655e+00	1.00029311767097684e+00	1.00038088619860588e+00	1.00049468887042803e+00	1.00064224686053471e+00	1.00083357049861066e+00	1.00108163742174527e+00	1.00140327126350903e+00	1.00182027993485967e+00	1.00236092977389446e+00	1.00306185397187919e+00	1.00397052204122206e+00	1.00514843329688564e+00	1.00667524332367964e+00	1.00865409046926269e+00	1.01121846206071986e+00	1.01454102986998751e+00	1.01884499355498770e+00	1.02441860038471733e+00	1.03163365783671757e+00	1.04096901571484501e+00	1.05304014992006523e+00	1.06863609852502606e+00	1.08876502406392550e+00	1.11470950606842889e+00	1.14809215045486757e+00	1.19095101004200798e+00	1.24582233735355086e+00	1.31582497994481429e+00	1.40473597135026695e+00	1.51704053346622625e+00	1.65793242548637298e+00	1.83323418366353863e+00	2.04920472186192804e+00	2.31220868803369228e+00	2.62824193123641203e+00	3.00234000985689065e+00	3.43793278856108886e+00	3.93622950816194450e+00	4.49570506490174715e+00	5.11170235873155221e+00	5.77608796710189942e+00	6.47685425131808135e+00	7.19763863307326268e+00	7.91742951175179765e+00	8.61124001036039921e+00	9.25283669682193732e+00	9.81977137855686877e+00	1.02987391862908417e+01	1.06879249750012022e+01	1.09949795921206572e+01	1.12325925220166543e+01	1.14144679755512399e+01	1.15529814003283633e+01	1.16583226913833080e+01	1.17384812064493822e+01	1.17995671539226255e+01	1.18462013556621475e+01	1.18818653774298486e+01	1.19091830892358601e+01	1.19301362095604979e+01	1.19462257561533693e+01	1.19585920154481880e+01	1.19681036116587780e+01	1.19754238131794857e+01	1.19810601039104476e+01	1.19854014172880490e+01	1.19887462301267540e+01	1.19913238462193750e+01	1.19933105769975636e+01	1.19948420787097270e+01	1.19960227816125258e+01	1.19969331105448003e+01	1.19976350227432551e+01	1.19981762602551427e+01	1.19985936184458151e+01	1.19989154601437171e+01	1.19991636506634887e+01	1.19993550477860005e+01	1.19995026494596591e+01	1.19996164780947190e+01	1.19997042620498977e+01	1.19997719609106550e+01	1.19998241704163728e+01	1.19998644346418679e+01	1.19998954866942835e+01	1.19999194343051041e+01	1.19999379029394309e+01	1.19999521461508429e+01	1.19999631306808805e+01	1.19999716020843525e+01	1.19999781353377575e+01	1.19999831738675855e+01	1.19999870596485270e+01	1.19999900564150526e+01	1.19999923675621769e+01	1.19999941499505685e+01	1.19999955245531353e+01	1.19999965846657339e+01	1.19999974022393623e+01	1.19999980327635836e+01	1.19999985190327081e+01	1.19999988940502913e+01	1.19999991832691286e+01	1.19999994063187714e+01	1.19999995783377997e+01	1.19999997110013013e+01	1.19999998133132681e+01	1.19999998922176996e+01	1.19999999530699135e+01	1.20000000000000000e+01
1.00000000000000000e+00	1.00000107488130885e+00	1.00000246863293940e+00	1.00000427584961216e+00	1.00000661918800038e+00	1.00000965769135575e+00	1.00001359758359287e+00	1.00001870626535205e+00	1.00002533046181408e+00	1.00003391975372802e+00	1.00004505708831037e+00	1.00005949834010988e+00	1.00007822360569709e+00	1.00010250371160891e+00	1.00013398644617557e+00	1.00017480836226147e+00	1.00022773972966350e+00	1.00029637245939496e+00	1.00038536372786080e+00	1.00050075179121212e+00	1.00065036534936391e+00	1.00084435411730222e+00	1.00109587640182229e+00	1.00142198999353260e+00	1.00184480624059291e+00	1.00239298462566229e+00	1.00310366759391045e+00	1.00402498411252128e+00	1.00521928711767461e+00	1.00676733658882966e+00	1.00877369876977907e+00	1.01137370556528916e+00	1.01474240895402934e+00	1.01910607554047572e+00	1.02475689703073414e+00	1.03207174158178105e+00	1.04153593135483069e+00	1.05377318621226856e+00	1.06958298890181225e+00	1.08998664337496032e+00	1.11628311489914456e+00	1.15011520096782593e+00	1.19354545520857735e+00	1.24913926495936134e+00	1.32004921338053793e+00	1.41009004601646382e+00	1.52378721445355558e+00	1.66637479818033540e+00	1.84371256298978814e+00	2.06209057716959698e+00	2.32789798318575603e+00	2.64715425105111946e+00	3.02493590929228384e+00	3.46476995907090402e+00	3.96808838347875170e+00	4.53382609028966943e+00	5.15818897184047653e+00	5.83453430265229134e+00	6.55323034243601477e+00	7.30135000503536524e+00	8.06217450281262593e+00	8.81481398358727830e+00	9.53477222142340608e+00	1.01965722010882818e+01	1.07786917334573982e+01	1.12688174698224604e+01	1.16660808016575004e+01	1.19789458455559803e+01	1.22207421472465736e+01	1.24056468197531355e+01	1.25463716170577548e+01	1.26533414004912075e+01	1.27347091387306754e+01	1.27966995842405709e+01	1.28440145596769195e+01	1.28801935934200884e+01	1.29079025302340273e+01	1.29291538237897079e+01	1.29454712178398594e+01	1.29580119430690992e+01	1.29676573448046284e+01	1.29750802960731004e+01	1.29807955654943488e+01	1.29851976317584672e+01	1.29885892049666491e+01	1.29912028279460667e+01	1.29932172948165139e+01	1.29947701674130958e+01	1.29959673401984279e+01	1.29968903640110014e+01	1.29976020625615156e+01	1.29981508449966636e+01	1.29985740204818079e+01	1.29989003476928850e+01	1.29991519969884397e+01	1.29993460612611980e+01	1.29994957196965188e+01	1.29996111344268179e+01	1.29997001415365752e+01	1.29997687836730798e+01	1.29998217206235758e+01	1.29998625458512009e+01	1.29998940305483206e+01	1.29999183118160531e+01	1.29999370377684524e+01	1.29999514794255031e+01	1.29999626169986122e+01	1.29999712064304660e+01	1.29999778307086693e+01	1.29999829394378974e+01	1.29999868793574809e+01	1.29999899178764196e+01	1.29999922612235483e+01	1.29999940684450124e+01	1.29999954621991805e+01	1.29999965370817563e+01	1.29999973660461929e+01	1.29999980053551649e+01	1.29999984983992096e+01	1.29999988786417067e+01	1.29999991718900709e+01	1.29999993980473398e+01	1.29999995724630146e+01	1.29999997069748439e+01	1.29999998107122661e+01	1.29999998907160297e+01	1.29999999524160632e+01	1.30000000000000000e+01
