# DYNAMITE grid generation parameters
len=514
Tmax=1.00000000000000000e+05
spline_order=7
interp_method=rational
interp_order=9
fh_stencil=13
alpha=0.00000000000000000e+00
delta=0.00000000000000000e+00
subdir=514
command_line=./RG-Evo grid -s 7 -m rational -o 9 -f 13 -L 514
